#OTU ID	sample5	sample3	sample4	sample8	sample2	sample10	sample1	sample6	sample9	sample7
OTU_1	117518	573289	468359	50098	555229	3040	414465	93550	23737	124506
OTU_78	171	1428	1116	61	12	4	792	182	281	179
OTU_1113	125	0	0	61	1333	2	226	15	38	0
OTU_75	1941	3	1	0	0	3	0	0	4	0
OTU_38	505	14	97	185	2102	45	1709	299	16	165
OTU_297	955	10	0	103	57	17	1592	284	3596	960
OTU_612	528	0	0	37	102	16	1	103	0	153
OTU_855	43	4	15	1	106	0	0	6	108	8
OTU_1119	82	0	0	0	0	0	0	0	0	1
OTU_509	875	0	0	20	23	1	16	118	11	0
OTU_1390	13	0	0	0	0	0	0	0	0	0
OTU_734	330	1	0	0	0	0	1	0	0	0
OTU_1126	48	0	0	0	54	0	1	0	0	0
OTU_868	77	0	0	0	5	0	0	0	0	0
OTU_688	83	0	0	0	401	1	0	3	0	8
OTU_582	812	3	0	111	145	5	19	58	1	631
OTU_805	88	0	0	9	0	0	0	38	0	9
OTU_497	399	0	0	0	2	1	963	443	1	50
OTU_414	416	23	1303	764	147	22	3	769	1428	816
OTU_642	227	1	498	0	0	0	0	0	0	32
OTU_3	1652	1450	5142	16	14636	60	4899	24	300	104
OTU_829	286	1	0	0	0	0	0	1	3	0
OTU_828	410	0	1	0	0	0	0	0	0	0
OTU_619	491	2	191	20	23	1	1	2	14	286
OTU_1123	57	0	0	43	0	0	0	1	0	0
OTU_768	92	1	0	1	122	1	10	118	123	2
OTU_244	82	56	181	8	375	0	113	7	47	5
OTU_155	597	0	1	0	1	1	0	1	0	0
OTU_627	170	8	1	21	15	5	279	49	1415	148
OTU_876	113	1	0	0	5	0	0	0	0	0
OTU_743	480	0	0	0	0	0	0	0	0	0
OTU_346	36	0	0	0	0	0	0	0	0	0
OTU_825	28	0	0	256	57	124	1	0	7	37
OTU_1027	137	1	1	73	1	1	0	1120	1	0
OTU_722	271	0	0	0	0	1	0	36	2	0
OTU_792	548	1	1	409	221	1	855	216	49	0
OTU_852	147	1	0	0	0	0	0	0	0	0
OTU_1071	57	0	0	0	0	0	0	23	0	41
OTU_1121	32	1	0	16	0	0	0	0	0	0
OTU_186	28	2	91	0	222	1	6	0	4	0
OTU_330	241	3	1	90	159	8	5981	32	38	0
OTU_374	461	2	0	2859	1	4	0	407	1	0
OTU_7	3	9	5	1	13780	10	0	4	2	2
OTU_27	38	45	2348	13	5215	10	605	44	91	7
OTU_988	104	0	0	12	12	0	3	17	0	58
OTU_885	107	0	0	0	0	0	0	0	1	0
OTU_882	225	0	0	0	2	1	2	0	0	0
OTU_446	31	0	0	0	0	0	0	0	0	0
OTU_763	213	0	0	0	0	0	4	0	0	0
OTU_1036	44	0	0	0	0	0	0	0	0	0
OTU_1250	1	0	0	0	0	2	0	0	0	0
OTU_565	58	1	0	35	0	0	10	38	14	68
OTU_46	26	19	3305	1	15	8	64	0	2	0
OTU_731	28	0	0	0	0	1	0	262	5	1
OTU_137	177	136	380	1	233	7	321	5	52	9
OTU_591	111	8	43	5	129	0	13	6	94	252
OTU_1125	42	0	0	0	0	0	0	0	0	0
OTU_1237	4	0	0	0	1	0	0	0	0	38
OTU_1026	172	0	0	0	0	0	0	0	0	0
OTU_1211	7	0	0	0	110	0	110	31	0	133
OTU_723	220	0	0	0	2	0	0	0	0	0
OTU_384	32	0	1	0	0	1	0	0	0	0
OTU_352	64	1	1	28	29	4	41	27	4	18
OTU_235	256	7	8	8	148	0	14	0	0	2
OTU_839	164	1	0	61	8	7	0	0	19	0
OTU_1339	81	0	0	0	0	1	0	0	0	0
OTU_821	5	0	0	0	0	0	0	0	0	0
OTU_863	169	1	0	0	0	0	0	0	0	0
OTU_1115	116	0	0	0	0	0	0	17	0	3
OTU_691	53	0	0	19	0	0	1	30	0	391
OTU_775	24	1	0	1	4	4	73	18	807	43
OTU_18	10	94	1872	14	7379	65	722	5	7	7
OTU_1105	84	0	0	0	0	0	0	0	0	0
OTU_162	6	11	102	14	421	8	448	14	16	24
OTU_243	104	0	0	0	0	0	0	0	0	0
OTU_1108	73	0	0	0	0	0	0	0	0	0
OTU_1358	9	0	0	1	0	0	19	0	0	2
OTU_74	19	351	1242	0	155	2	89	0	0	3
OTU_1030	72	0	0	5	0	0	0	5	0	0
OTU_1381	4	0	0	1	3	0	7	2	0	3
OTU_806	2	2	0	0	0	6	3093	2	2	0
OTU_43	24	518	3732	14	337	27	1001	19	2	26
OTU_1000	153	1	0	0	0	0	0	0	0	0
OTU_45	21	97	1120	3	1619	14	2825	15	105	25
OTU_268	1	0	0	0	0	0	0	161	0	0
OTU_241	16	0	0	0	0	1	0	121	1	0
OTU_1168	7	0	0	6	0	0	24	21	0	9
OTU_780	5	2	130	4	162	0	4	2	0	8
OTU_102	33	0	0	8	621	1	166	9	5	17
OTU_279	4	0	22	0	47	0	2	4	1	1
OTU_692	7	8	1	78	12	0	379	0	0	0
OTU_1004	17	2	0	0	6	0	44	34	6	42
OTU_1244	26	0	0	0	2	0	11	30	0	52
OTU_33	27	1538	80	2801	41	24	8411	12	12	91
OTU_1274	22	0	0	0	0	0	0	0	0	0
OTU_758	7	36	48	10	340	4	120	9	0	44
OTU_945	57	0	0	19	0	3	0	610	0	0
OTU_925	3	0	0	0	0	152	0	0	0	0
OTU_651	5	11	35	1	23	0	21	0	2	5
OTU_263	3	1	12	2	61	1	65	3	1	11
OTU_290	49	0	0	0	0	0	0	0	0	0
OTU_867	3	0	0	0	0	0	0	0	0	0
OTU_470	1	0	0	0	0	0	0	54	0	0
OTU_248	3	6	225	2	31	0	29	9	14	1
OTU_193	12	103	9	3	72	0	6	19	0	3
OTU_2	25	203	59	12	33	28279	34	46	80	11
OTU_376	5	7	7	0	5	4	2	4	3	3
OTU_397	41	5	1	59	111	17	77	61	1	89
OTU_1354	44	0	0	0	0	0	0	0	1	0
OTU_1019	31	0	0	0	0	0	0	0	0	0
OTU_1296	36	0	1	0	0	0	33	3	1	16
OTU_955	11	3	2	1	62	0	9	6	24	20
OTU_774	60	2	0	307	203	0	1	2	0	3
OTU_1100	2	0	0	0	0	0	0	0	0	0
OTU_656	19	0	0	0	0	0	695	4	0	0
OTU_370	6	7	12	4	4	3	9	2	0	5
OTU_35	50	3473	1506	0	914	28	1442	146	68	24
OTU_1297	30	0	0	0	0	0	0	0	0	0
OTU_368	44	0	0	0	0	0	0	0	0	0
OTU_824	17	11	3	0	12	0	0	76	0	175
OTU_175	6	0	0	3	26	1	189	5	1	19
OTU_79	15	10	67	0	1321	3	115	7	5	18
OTU_408	7	0	29	0	0	0	0	0	0	0
OTU_904	8	0	0	0	0	0	0	0	0	0
OTU_977	11	3	0	2	56	6	6	63	2	43
OTU_1144	17	0	0	0	97	0	2	18	45	0
OTU_1012	4	0	0	12	3	3	68	11	18	31
OTU_303	48	0	1	8	0	0	0	27	0	0
OTU_1018	4	0	0	0	121	0	67	0	0	1
OTU_245	7	49	36	0	43	64	11	0	0	0
OTU_154	4	16	116	0	350	1	364	14	2	0
OTU_126	8	89	417	0	134	3	185	4	5	0
OTU_491	3	0	0	0	8	0	0	0	0	0
OTU_764	4	0	0	0	0	0	0	0	0	0
OTU_875	4	0	0	0	0	0	0	0	0	0
OTU_107	3	80	55	0	191	0	473	8	3	1
OTU_64	8	2214	67	0	169	3	20	1	1	1
OTU_1301	11	0	0	9	0	0	3	20	0	21
OTU_835	20	0	0	0	108	0	0	0	0	1
OTU_1104	2	0	0	0	0	0	0	0	0	0
OTU_919	8	0	0	1	171	0	0	0	0	0
OTU_300	8	2	2	1	23	0	35	3	1	0
OTU_707	5	0	0	0	0	0	0	0	0	0
OTU_990	7	0	0	3	0	2	516	4	0	5
OTU_4	12	7482	3671	4	10552	27	339	3	14	1
OTU_698	1	0	6	0	0	0	0	0	0	0
OTU_139	2	16	427	0	0	2	2	74	1	0
OTU_1161	9	55	11	0	49	0	0	0	1	45
OTU_1202	10	0	0	0	31	0	0	0	9	0
OTU_769	10	109	25	0	19	19	127	31	0	9
OTU_443	1	0	0	0	1	0	0	81	0	0
OTU_1064	3	0	0	7	0	0	1	8	0	61
OTU_172	1	1	0	0	0	0	0	483	0	0
OTU_476	1	3	72	0	9	0	5	1	0	0
OTU_264	1	103	94	0	0	0	0	0	1	0
OTU_1170	12	0	0	0	184	0	0	2	0	0
OTU_451	2	0	0	0	27	1	70	0	4	0
OTU_10	14	19	3	1	3	14	2	15123	5	4
OTU_1044	2	32	0	0	5	0	5	0	0	0
OTU_959	1	0	1	0	0	0	150	0	0	115
OTU_1357	3	0	0	0	0	0	0	0	0	0
OTU_969	6	14	1	11	56	33	4	29	0	32
OTU_610	6	0	0	0	0	0	0	0	0	0
OTU_927	2	1	12	1	26	2	8	0	1	1
OTU_1313	2	0	0	0	0	0	81	7	3	16
OTU_468	12	30	41	0	22	18	9	1	3	8
OTU_8	2	5	19	1	12152	10	8	3	3	0
OTU_277	3	7	41	0	0	0	26	0	1	6
OTU_697	6	0	0	0	0	0	0	0	0	0
OTU_1383	2	0	0	0	0	0	0	0	6	0
OTU_684	7	0	2	215	0	0	0	0	0	7
OTU_302	4	35	163	0	804	1	18	14	15	3
OTU_59	1	1	0	0	1921	2	1	0	0	2
OTU_532	2	0	8	0	36	1	2	0	1	3
OTU_238	1	0	0	0	0	0	0	273	0	0
OTU_719	5	0	0	0	0	0	16	7	0	280
OTU_1110	3	0	0	23	109	5	2	41	0	25
OTU_76	6	1	0	0	2	4	0	3147	2	0
OTU_101	3	1	0	0	0	1	0	2059	0	0
OTU_679	3	0	0	3	0	441	0	3	0	1
OTU_960	3	0	0	107	0	0	0	0	0	0
OTU_72	9	12	98	0	595	7	1923	31	18	9
OTU_972	1	1	143	0	0	0	48	0	1	0
OTU_650	3	0	0	33	0	0	0	505	0	89
OTU_1091	1	0	0	0	56	1	0	30	0	42
OTU_1254	1	0	1	0	5	0	22	0	35	1
OTU_700	4	0	0	0	275	0	190	21	0	53
OTU_200	1	0	0	0	0	1	0	179	0	0
OTU_181	3	0	4	0	45	1	188	2	41	1
OTU_1268	2	0	0	2	60	0	2	1	0	1
OTU_16	1	2	1	0	1	10	8018	1	2	0
OTU_113	7	3	620	2	39	1	191	3	0	0
OTU_1079	4	0	0	0	3	1	29	34	0	83
OTU_579	3	0	6	16	120	2	85	22	3	15
OTU_171	1	1	0	0	0	1	0	471	1	0
OTU_1385	2	1	0	0	2	0	0	0	0	0
OTU_981	3	0	0	0	0	0	0	0	0	0
OTU_198	1	6	11	0	45	1	174	1	0	0
OTU_57	1	2	1	0	0	1	2117	1	0	0
OTU_965	1	0	0	0	0	119	0	0	0	0
OTU_435	1	41	8	0	0	0	0	0	0	0
OTU_736	3	9	64	0	0	0	48	0	0	0
OTU_659	1	11	2	0	0	0	1	1	0	0
OTU_586	2	5	12	1	8	0	4	1	1	1
OTU_323	1	0	38	0	0	0	1	0	0	2
OTU_98	4	23	367	7	334	0	171	9	8	22
OTU_877	2	1	0	0	60	0	38	14	0	0
OTU_1335	1	0	30	0	26	0	21	2	2	1
OTU_60	1	2	0	2	1	2	1960	0	0	1
OTU_892	2	0	0	220	0	0	1	0	0	0
OTU_1322	2	0	0	0	0	0	111	0	0	0
OTU_1300	1	0	0	0	0	0	0	0	35	0
OTU_347	1	0	0	0	52	0	2	0	0	1
OTU_58	1	1	0	0	0	5	1881	1	1	0
OTU_506	2	1670	1142	0	3	4	2	0	1	9
OTU_195	1	1	0	0	0	0	0	277	0	0
OTU_787	1	0	0	21	0	0	224	0	0	0
OTU_1033	2	0	0	0	0	0	0	0	0	0
OTU_1034	1	0	1	0	1	0	0	0	0	0
OTU_1342	1	0	0	1	0	2	273	7	0	2
OTU_920	3	0	0	99	0	0	0	0	0	0
OTU_108	1	0	0	1	778	1	0	1	0	0
OTU_65	3	1	1	0	0	9	4485	1	3	0
OTU_1084	3	0	0	0	0	0	0	0	0	0
OTU_141	3	3	1	1	0	1	2	2145	1	0
OTU_185	1	0	1	0	0	2	0	281	0	0
OTU_1349	1	0	0	0	0	14	64	94	31	4
OTU_316	1	0	0	0	0	0	0	224	1	0
OTU_153	2	26	323	2	41	0	32	0	1	0
OTU_100	1	0	0	0	0	2	841	60	0	0
OTU_41	1	1463	1630	0	1	2	0	2	0	1
OTU_699	2	0	279	0	0	0	0	0	0	0
OTU_240	1	0	1	0	214	0	0	0	0	0
OTU_32	1	2	0	0	1	10	4159	1	1	0
OTU_592	2	0	0	2	0	2	48	560	2	0
OTU_257	3	8	24	8	9	12	15	7	5	10
OTU_24	1	3	5654	0	3	4	12	2	3	2
OTU_1093	2	0	0	0	140	0	0	0	0	27
OTU_494	1	1	1	1	0	6	0	221	0	1779
OTU_276	1	0	0	0	0	0	0	107	0	0
OTU_204	1	1	0	0	0	0	0	521	0	0
OTU_403	1	0	0	0	0	0	0	56	0	0
OTU_327	1	1	0	0	0	0	0	196	1	3
OTU_1065	1	0	0	1	0	0	2	0	0	0
OTU_1384	1	0	0	1	0	0	0	0	17	0
OTU_54	1	2	0	0	2161	1	0	1	0	0
OTU_1262	1	0	0	0	0	0	18	75	1	9
OTU_522	5	0	0	631	1	2	563	424	54	2
OTU_809	2	0	0	0	0	1	0	0	0	0
OTU_123	1	0	0	0	0	0	816	1	4	1
OTU_373	1	0	0	0	0	0	0	134	0	0
OTU_44	1	1710	1556	0	5	4	1	0	0	0
OTU_1037	1	1	0	0	0	0	0	331	0	0
OTU_315	1	3	0	0	0	0	0	701	0	0
OTU_851	1	0	0	0	0	0	0	158	0	0
OTU_798	1	1	0	0	159	8	0	0	0	1
OTU_114	1	0	0	0	1	1	0	698	0	0
OTU_517	1	0	0	0	0	0	0	0	54	0
OTU_454	1	9	13	0	10	0	1	0	0	0
OTU_737	2	2	2	2	11	0	6	0	0	4
OTU_438	1	3	0	0	2	3	3230	1	1	0
OTU_320	1	0	0	0	0	0	0	75	0	0
OTU_160	1	0	0	0	0	0	0	509	0	0
OTU_339	1	0	0	0	26	0	30	0	0	0
OTU_1374	1	1	0	0	0	1	8	58	0	1
OTU_1311	1	80	0	1	0	3	2	25	0	1
OTU_989	1	0	135	0	2	0	18	3	1	0
OTU_604	1	0	0	1	20	0	3	0	0	0
OTU_197	1	0	0	0	0	1	0	417	1	0
OTU_150	1	2	0	0	2	1	0	565	0	0
OTU_42	1	3	0	0	3084	3	1	1	0	0
OTU_133	1	2	0	0	1	2	0	885	1	0
OTU_165	1	0	0	0	0	0	0	444	0	0
OTU_36	1	1	2	0	3650	3	2	0	0	2
OTU_412	1	0	0	0	0	0	0	0	70	0
OTU_360	1	3	1	1	5573	4	1	0	0	1
OTU_143	1	0	0	0	433	0	0	0	0	0
OTU_129	1	1	0	0	0	0	0	854	0	0
OTU_434	1	0	0	0	1	1	0	322	0	0
OTU_13	1	6	0	0	4	9	7588	3	3	0
OTU_187	1	0	220	0	36	0	0	0	0	0
OTU_106	1	0	0	0	830	0	0	0	0	0
OTU_294	1	1	0	1	0	6	3538	0	0	0
OTU_511	1	1	5	0	11	0	7	0	0	1
OTU_205	1	0	6	44	127	0	0	0	0	0
OTU_111	1	1	0	0	1873	2	0	0	0	0
OTU_12	1	7331	6654	2	17	25	4	5	4	0
OTU_9	1	9	1	1	12001	13	1	2	2	0
OTU_571	1	0	0	0	0	0	37	0	4	24
OTU_379	0	1587	897	0	3	2	0	1	0	0
OTU_704	0	364	0	0	0	0	0	0	0	0
OTU_20	0	3615	3210	0	5	9	0	1	1	0
OTU_135	0	448	23	3	60	0	79	1	0	0
OTU_61	0	1890	96	0	72	3	7	2	0	0
OTU_134	0	171	330	0	22	1	0	0	0	0
OTU_602	0	759	48	0	3	2	0	1	0	0
OTU_425	0	2045	38	0	7	3	0	0	1	0
OTU_453	0	19	0	0	0	0	0	0	0	0
OTU_177	0	212	197	0	2	0	0	0	0	0
OTU_670	0	363	205	0	2	0	0	0	0	0
OTU_570	0	677	24	0	1	0	0	0	0	0
OTU_507	0	786	250	0	2	2	0	1	0	1
OTU_212	0	142	0	0	0	0	0	0	0	0
OTU_439	0	621	442	0	2	0	0	0	0	0
OTU_662	0	305	152	0	1	1	0	0	0	0
OTU_1149	0	10	1	0	1	0	1	0	0	0
OTU_1368	0	3	0	0	0	0	0	0	0	0
OTU_345	0	3949	4	0	7	1	1	0	2	0
OTU_496	0	22	4	1	2	0	2	0	0	0
OTU_40	0	1899	1828	0	5	4	0	1	1	1
OTU_121	0	1006	647	0	3	0	1	0	1	0
OTU_14	0	5114	3608	0	10	9	1	4	3	1
OTU_274	0	73	6	0	1	0	0	0	0	0
OTU_1165	0	35	1	0	0	0	0	0	0	0
OTU_790	0	144	74	0	0	0	0	0	0	0
OTU_1051	0	176	0	0	0	0	0	0	0	0
OTU_585	0	503	0	0	2	0	0	0	0	0
OTU_31	0	4	1	0	1	5	3818	0	0	0
OTU_375	0	4	20	0	4	0	4	2	0	0
OTU_68	0	1743	1453	0	4	3	2	0	1	0
OTU_827	0	262	138	0	3	0	0	0	1	2
OTU_63	0	1421	443	0	1	2	1	0	0	0
OTU_149	0	300	199	0	1	0	0	0	1	0
OTU_372	0	22	22	0	5	0	0	0	0	0
OTU_62	0	1254	1022	0	4	1	1	1	1	0
OTU_178	0	205	188	0	1	3	0	0	0	0
OTU_918	0	682	180	0	3	2	0	0	0	1
OTU_783	0	243	159	0	0	0	0	0	0	0
OTU_742	0	378	16	0	1	1	0	0	0	0
OTU_406	0	53	82	0	0	1	0	0	0	0
OTU_666	0	216	420	0	1	0	0	0	0	0
OTU_309	0	965	906	0	2	1	1	0	2	0
OTU_675	0	186	1	0	0	0	0	0	0	0
OTU_746	0	255	171	0	2	1	0	0	0	0
OTU_1359	0	398	115	0	3	2	0	0	0	0
OTU_551	0	182	123	0	36	1	3	0	0	0
OTU_465	0	553	900	0	1	1	0	0	0	0
OTU_1220	0	76	35	0	0	0	0	0	0	0
OTU_152	0	218	135	0	0	0	0	0	0	0
OTU_934	0	43	193	0	0	0	0	0	0	0
OTU_785	0	216	101	0	0	0	0	0	0	0
OTU_646	0	338	389	0	0	1	0	0	0	0
OTU_221	0	185	48	0	1	0	0	0	0	0
OTU_211	0	99	38	0	1	0	0	0	0	0
OTU_424	0	38	35	0	0	0	0	0	0	0
OTU_293	0	162	88	0	0	0	0	0	0	0
OTU_687	0	201	189	0	182	1	1	0	0	0
OTU_82	0	786	626	0	4	2	0	0	0	0
OTU_842	0	93	122	0	0	0	0	0	1	0
OTU_1204	0	156	0	0	1	0	0	0	0	0
OTU_231	0	105	88	0	0	0	0	0	1	0
OTU_994	0	24	74	0	0	1	0	0	0	0
OTU_1242	0	91	2	0	0	0	0	0	0	0
OTU_426	0	8	10	0	0	0	0	0	0	0
OTU_1199	0	104	14	0	0	0	0	0	0	0
OTU_1080	0	321	11	0	1	0	0	0	0	0
OTU_369	0	114	3	0	3	0	0	0	0	0
OTU_416	0	34	0	0	7	0	0	0	0	0
OTU_1317	0	6	2	0	0	0	0	0	0	0
OTU_751	0	258	17	0	0	0	0	0	0	0
OTU_473	0	194	1353	0	3	1	0	0	1	0
OTU_558	0	566	94	0	1	1	0	0	0	0
OTU_148	0	420	370	0	0	0	0	0	1	0
OTU_22	0	7	2	0	0	5	5913	1	0	0
OTU_1186	0	16	82	0	0	0	0	0	0	0
OTU_1151	0	123	0	0	0	0	0	0	0	0
OTU_237	0	246	44	0	0	0	0	0	0	0
OTU_1167	0	147	3	0	0	0	0	0	0	4
OTU_66	0	3	0	0	0	2	1638	1	0	0
OTU_270	0	43	43	0	1	0	0	0	0	0
OTU_899	0	196	0	0	1	0	0	0	0	0
OTU_1361	0	86	6	0	0	0	0	0	0	0
OTU_182	0	166	118	0	0	1	0	0	0	0
OTU_682	0	236	37	0	1	3	0	0	0	2
OTU_209	0	18	158	0	0	0	0	0	0	0
OTU_1240	0	89	10	0	0	1	0	0	0	0
OTU_1201	0	40	0	0	0	0	0	0	0	0
OTU_606	0	16	7	0	0	0	0	0	0	0
OTU_184	0	126	46	0	62	0	170	22	0	6
OTU_1205	0	81	31	0	0	0	0	0	0	0
OTU_1228	0	31	4	0	0	0	0	0	0	0
OTU_254	0	45	52	0	0	1	0	0	0	0
OTU_603	0	3	791	0	0	2	0	0	0	0
OTU_1058	0	57	45	0	0	0	0	0	0	0
OTU_298	0	42	15	0	0	1	0	0	0	0
OTU_695	0	1	0	0	0	0	5	0	0	0
OTU_471	0	6	18	0	0	0	0	0	0	0
OTU_1364	0	3	2	0	0	1	0	0	0	0
OTU_1219	0	23	73	0	0	0	0	0	0	0
OTU_486	0	19	21	0	5	1	2	0	0	0
OTU_1222	0	115	0	0	1	1	0	0	0	0
OTU_1266	0	38	0	0	0	1	0	0	0	0
OTU_480	0	23	45	0	8	0	11	0	0	4
OTU_285	0	36	22	0	0	0	3	0	0	0
OTU_1135	0	30	15	0	0	1	0	0	0	0
OTU_616	0	16	0	0	0	0	0	0	0	0
OTU_448	0	27	9	0	0	0	0	0	0	0
OTU_1362	0	36	1	0	0	0	0	0	0	0
OTU_258	0	55	59	0	1	0	0	0	0	0
OTU_860	0	5	0	0	0	0	0	0	0	0
OTU_1370	0	54	6	0	0	0	0	0	0	0
OTU_1092	0	14	99	0	0	0	2	0	0	2
OTU_142	0	89	655	0	0	2	0	0	0	0
OTU_901	0	3	24	2	4	0	6	11	0	0
OTU_202	0	29	146	0	0	0	0	0	0	0
OTU_501	0	12	1623	0	0	0	0	0	2	145
OTU_1363	0	3	0	0	0	0	0	0	0	0
OTU_1282	0	21	6	0	0	0	0	0	0	0
OTU_1306	0	3	0	0	0	0	0	0	0	0
OTU_836	0	9	0	0	0	0	0	0	0	0
OTU_1319	0	21	31	0	94	7	17	0	0	2
OTU_800	0	1	153	0	0	0	0	0	0	0
OTU_25	0	5	1	0	1	6	5898	0	3	1
OTU_282	0	2	0	1	0	0	6	1	175	0
OTU_203	0	30	83	2	159	1	60	0	1	1
OTU_1182	0	5	3	0	0	0	1	5	0	1
OTU_1298	0	5	0	0	0	0	0	5	0	69
OTU_390	0	32	3	0	0	0	0	0	0	0
OTU_797	0	36	223	0	0	2	0	0	0	0
OTU_393	0	1	31	1	33	0	0	0	0	0
OTU_224	0	77	40	0	0	0	0	0	0	0
OTU_1231	0	27	6	0	0	0	0	0	0	0
OTU_96	0	4	0	0	2966	2	2	1	1	0
OTU_11	0	7	1	0	3	12	9456	0	0	0
OTU_938	0	101	35	0	0	0	0	0	0	0
OTU_5	0	12	2	0	14030	8	2	3	2	1
OTU_415	0	10	21	0	0	0	0	0	0	0
OTU_83	0	23	0	0	0	0	1302	0	0	0
OTU_1209	0	10	0	0	0	0	0	0	0	0
OTU_550	0	17	23	0	9	0	2	0	0	0
OTU_1014	0	1	0	0	0	0	0	100	0	0
OTU_886	0	43	25	0	0	1	0	0	0	0
OTU_428	0	7	11	0	15	0	10	0	1	0
OTU_1267	0	1	0	19	88	3	1	1	0	9
OTU_929	0	91	177	0	0	0	0	0	0	0
OTU_124	0	1	0	1	0	2	1	0	633	2
OTU_216	0	36	119	0	0	0	0	0	0	0
OTU_531	0	15	8	0	0	0	0	0	0	0
OTU_1171	0	31	0	0	0	0	0	0	0	0
OTU_878	0	4	2	0	0	0	0	0	0	0
OTU_637	0	28	48	0	0	0	0	0	0	0
OTU_273	0	13	70	0	0	0	0	0	0	0
OTU_1213	0	36	70	0	0	0	0	0	0	0
OTU_29	0	3	1	0	4775	4	1	0	1	0
OTU_1056	0	1	0	0	648	0	1	0	0	0
OTU_28	0	2	0	0	4696	2	1	0	0	0
OTU_740	0	7	0	0	0	0	536	0	1	0
OTU_753	0	3	4	0	0	0	0	0	0	0
OTU_864	0	4	98	0	0	0	52	1	0	1
OTU_499	0	33	32	0	0	0	0	0	0	0
OTU_395	0	5	4	0	27	0	0	0	0	0
OTU_766	0	9	5	0	12	0	4	2	0	4
OTU_1366	0	2	0	0	0	0	0	0	0	0
OTU_116	0	14	488	3	0	3	127	1	0	0
OTU_272	0	1	0	0	0	0	0	221	0	0
OTU_1221	0	1	0	0	0	0	153	0	0	0
OTU_413	0	15	17	0	0	0	0	0	0	0
OTU_19	0	3	0	0	0	14	6340	0	1	1
OTU_1345	0	14	3	0	4	0	0	0	0	0
OTU_498	0	17	0	0	0	0	0	0	0	0
OTU_287	0	7	64	0	30	0	0	1	0	0
OTU_215	0	27	262	1	6	3	1086	1	0	13
OTU_539	0	16	0	0	0	0	0	0	0	0
OTU_1360	0	3	1	0	0	0	0	0	0	1
OTU_663	0	5	8	0	0	0	0	0	0	0
OTU_47	0	3	0	1	0	5	3865	0	2	0
OTU_371	0	18	6	0	4	0	20	0	0	0
OTU_858	0	6	21	0	37	0	13	0	0	0
OTU_6	0	9	1	0	1	26	14844	0	3	1
OTU_464	0	1	0	0	1	0	0	0	25	0
OTU_77	0	3	0	0	0	0	1	0	0	1338
OTU_1292	0	1	2	0	0	0	0	0	0	0
OTU_1341	0	16	0	0	0	0	0	0	0	0
OTU_269	0	24	62	0	1	0	2	0	0	0
OTU_37	0	3	47	0	2450	4	1443	6	19	1
OTU_765	0	2	0	6	2	0	6	529	1	18
OTU_326	0	1	0	0	0	1	409	0	0	0
OTU_957	0	2	1	0	1	0	3	0	0	0
OTU_52	0	2	3	0	1	4	2137	1	1	1
OTU_840	0	1	0	0	0	0	28	5	0	111
OTU_635	0	3	792	0	0	1	0	1	0	0
OTU_73	0	1	0	0	2406	1	0	0	0	0
OTU_620	0	3	11	0	9	0	18	0	0	0
OTU_547	0	16	17	0	0	0	0	0	0	0
OTU_701	0	3	529	0	0	1	0	0	0	0
OTU_1207	0	5	0	0	0	0	0	0	0	0
OTU_1307	0	4	1	0	1	0	24	0	0	3
OTU_34	0	2	0	0	0	5	3857	0	1	0
OTU_418	0	15	5	0	0	0	0	0	0	0
OTU_1316	0	7	9	0	1	3	0	0	0	2
OTU_1132	0	3	2	0	0	0	0	0	0	0
OTU_980	0	1	0	0	0	0	289	0	0	1
OTU_1365	0	3	1	0	0	0	0	0	0	0
OTU_199	0	4	41	1	605	3	8	0	1	3
OTU_286	0	1	0	0	0	0	0	194	0	0
OTU_681	0	4	2	0	0	0	0	0	0	0
OTU_777	0	4	3	0	0	0	0	0	0	0
OTU_17	0	8	3	0	7046	10	1	1	3	1
OTU_500	0	5	36	0	2	0	2	0	1	0
OTU_39	0	3	1	1	1	4	3667	0	2	1
OTU_1197	0	4	1	0	0	0	0	0	0	0
OTU_146	0	3	0	2	0	1	1	0	621	0
OTU_169	0	4	0	0	2	2	0	1	1	1554
OTU_1122	0	3	63	0	45	0	0	0	0	0
OTU_189	0	1	0	0	0	0	185	0	0	0
OTU_50	0	2	1	0	2313	4	0	0	0	0
OTU_1169	0	4	0	0	0	0	0	0	0	0
OTU_1039	0	6	0	0	0	0	0	3	0	7
OTU_318	0	2	0	0	0	0	0	113	0	0
OTU_563	0	1	0	0	0	0	7	0	0	8
OTU_1210	0	3	0	0	0	0	0	0	0	0
OTU_1101	0	3	0	0	13	0	7	2	0	3
OTU_192	0	5	234	0	74	0	7	0	4	0
OTU_23	0	5	0	1	1	5	5479	4	1	0
OTU_81	0	1	0	1	0	2	1386	0	0	0
OTU_786	0	4	0	0	0	0	6	0	0	0
OTU_51	0	1	0	0	2237	3	0	0	0	0
OTU_26	0	2	0	0	0	6	5282	1	0	0
OTU_755	0	8	0	0	0	0	0	0	0	0
OTU_932	0	3	51	0	0	0	0	0	0	0
OTU_156	0	1	0	0	0	0	936	1	1	1
OTU_488	0	3	930	0	9	0	19	1	3	0
OTU_661	0	6	1	1	9981	5	1	0	4	0
OTU_166	0	3	0	0	0	3	0	0	1	1244
OTU_53	0	3	0	0	0	7	2036	2	0	0
OTU_278	0	6	65	0	0	0	0	0	0	0
OTU_597	0	8	0	0	0	0	0	0	0	0
OTU_931	0	1	0	0	0	0	0	0	2	0
OTU_1215	0	2	0	0	0	0	0	0	0	0
OTU_1283	0	4	1	0	0	0	0	0	0	0
OTU_80	0	1	0	0	1327	1	0	1	0	0
OTU_283	0	3	0	0	0	1	0	0	149	0
OTU_1052	0	1	2	3	13	0	15	4	3	2
OTU_118	0	1	0	0	594	1	0	0	0	0
OTU_88	0	2	2	0	2	2	3121	0	1	0
OTU_1184	0	1	0	0	1	0	0	0	0	1
OTU_1247	0	1	0	0	0	212	0	0	0	0
OTU_207	0	2	3	0	318	0	0	0	0	0
OTU_30	0	3	0	0	4634	4	1	0	0	0
OTU_794	0	1	352	0	0	0	0	0	0	0
OTU_380	0	1	0	1	0	1	0	0	112	0
OTU_752	0	2	3	0	0	0	0	0	0	0
OTU_407	0	1	0	0	0	38	0	0	0	0
OTU_259	0	1	0	278	0	0	0	0	1	0
OTU_410	0	4	1	0	1	3	2859	1	2	0
OTU_367	0	2	9	0	29	0	0	0	0	0
OTU_683	0	1	0	0	0	0	0	0	10	0
OTU_163	0	2	0	0	0	3	412	0	1	0
OTU_644	0	1	1	0	0	0	0	0	0	557
OTU_528	0	1	0	0	0	0	59	0	0	996
OTU_128	0	3	0	0	0	0	0	788	0	0
OTU_402	0	1	0	0	2	1	0	0	98	0
OTU_70	0	1	1	0	0	4	1596	0	2	0
OTU_898	0	1	1	0	1	0	11	0	0	0
OTU_95	0	1	0	0	916	0	0	0	1	0
OTU_90	0	1	0	0	1137	0	0	0	1	0
OTU_636	0	3	1	0	7	0	1	0	0	0
OTU_225	0	2	51	3	95	0	8	0	0	0
OTU_1177	0	1	0	0	0	0	97	1	0	2
OTU_349	0	3	1	0	69	1	11	0	0	1
OTU_151	0	1	0	0	446	0	0	0	0	0
OTU_71	0	2	0	0	1782	3	0	0	1	0
OTU_1371	0	2	0	0	0	0	0	0	0	0
OTU_15	0	2	2	0	1	5	7914	1	1	0
OTU_117	0	1	1	0	903	1	0	0	0	0
OTU_1320	0	2	0	0	0	0	0	0	0	0
OTU_21	0	3	0	0	1	13	8717	2	1	2
OTU_213	0	1	1	0	54	0	286	0	0	10
OTU_230	0	1	0	0	127	0	0	0	0	0
OTU_144	0	2	0	0	0	0	0	525	0	0
OTU_1128	0	1	1	2	0	1	0	0	0	0
OTU_762	0	1	0	5	0	0	0	0	0	2
OTU_490	0	1	0	0	0	0	0	32	0	0
OTU_110	0	1	0	0	783	1	0	0	0	0
OTU_1340	0	1	173	0	0	0	0	0	1	0
OTU_1367	0	3	0	0	0	0	0	0	0	0
OTU_1344	0	2	1	0	0	0	0	0	0	0
OTU_462	0	4	10	0	0	0	0	0	0	0
OTU_48	0	1	0	0	0	4	2707	0	2	0
OTU_1369	0	1	4	0	0	0	0	0	0	0
OTU_115	0	1	0	0	0	2	635	0	0	1
OTU_92	0	1	1	0	1078	0	0	0	0	0
OTU_97	0	2	0	0	949	1	0	0	1	0
OTU_516	0	2	1	0	0	1550	1	0	0	0
OTU_986	0	1	0	1	0	0	92	0	1	0
OTU_311	0	2	0	0	0	1	0	0	1	292
OTU_1099	0	1	6	0	6	0	5	0	0	0
OTU_49	0	1	0	0	2443	1	1	1	0	1
OTU_1291	0	2	0	0	0	0	0	0	0	0
OTU_322	0	1	0	0	0	1	431	0	0	0
OTU_1081	0	1	0	0	0	2	0	0	87	0
OTU_314	0	1	36	6	0	5	0	0	0	1
OTU_477	0	1	0	0	0	0	0	0	51	0
OTU_1387	0	3	0	1	0	4	91	0	1	0
OTU_354	0	1	0	42	0	0	0	0	0	0
OTU_649	0	1	0	0	0	0	420	0	0	0
OTU_632	0	1	0	0	1	973	0	1	0	0
OTU_183	0	1	0	0	251	0	0	0	0	0
OTU_1206	0	1	1	0	0	0	0	0	0	0
OTU_674	0	1	0	0	476	1	0	0	0	0
OTU_261	0	1	0	0	0	1	272	0	0	0
OTU_917	0	1	234	0	0	0	0	0	0	0
OTU_708	0	1	0	0	1	0	0	40	0	0
OTU_456	0	1	0	0	0	0	0	0	70	0
OTU_1116	0	1	0	0	1	0	0	120	0	0
OTU_756	0	1	5	7	4	0	3	0	0	1
OTU_1077	0	1	0	0	3	0	3	0	1	0
OTU_105	0	1	0	0	0	4	805	0	0	0
OTU_478	0	1	1	1	8	1	156	1	5	0
OTU_161	0	1	0	0	0	0	372	0	0	0
OTU_961	0	0	96	0	0	1	0	0	0	0
OTU_778	0	0	300	0	0	0	0	1	0	0
OTU_1138	0	0	153	0	0	0	0	0	0	0
OTU_1323	0	0	38	0	0	0	1	0	0	0
OTU_201	0	0	153	0	0	0	0	0	0	0
OTU_1088	0	0	230	0	0	4	0	0	1	0
OTU_770	0	0	154	0	0	0	0	0	0	0
OTU_654	0	0	10	0	0	0	4	0	0	0
OTU_512	0	0	13	0	0	0	5	0	0	0
OTU_275	0	0	54	0	19	0	1	0	0	0
OTU_256	0	0	101	0	1	0	1	0	0	0
OTU_1011	0	0	42	0	0	0	0	0	0	0
OTU_513	0	0	5	0	17	0	1	0	0	0
OTU_508	0	0	22	0	0	0	0	0	0	0
OTU_1302	0	0	92	0	0	0	0	0	0	0
OTU_951	0	0	53	21	0	4	1	41	0	4
OTU_1148	0	0	76	0	0	0	0	0	0	0
OTU_457	0	0	34	0	0	0	0	0	0	0
OTU_846	0	0	188	0	0	0	0	0	0	0
OTU_1075	0	0	161	0	0	0	0	0	1	0
OTU_1007	0	0	45	0	0	0	0	0	0	0
OTU_841	0	0	9	0	0	0	0	0	0	0
OTU_1006	0	0	8	1	0	47	0	0	0	0
OTU_308	0	0	109	0	5	1	3	0	1	0
OTU_869	0	0	3	0	21	0	0	0	0	0
OTU_472	0	0	18	0	0	1	0	0	0	0
OTU_784	0	0	1	0	0	0	245	0	0	0
OTU_377	0	0	42	0	0	1	0	0	0	0
OTU_771	0	0	3	0	3	0	3	0	0	0
OTU_1377	0	0	4	0	0	0	0	0	0	0
OTU_455	0	0	21	0	0	0	0	0	0	0
OTU_997	0	0	43	0	0	0	0	0	1	0
OTU_475	0	0	4	0	0	0	0	0	48	0
OTU_484	0	0	28	0	2188	3	0	0	0	0
OTU_228	0	0	44	0	42	0	30	0	2	0
OTU_401	0	0	31	0	0	0	0	0	0	0
OTU_1013	0	0	8	0	4	0	2	0	2	0
OTU_811	0	0	6	0	0	0	0	0	0	0
OTU_1098	0	0	84	0	0	0	0	0	0	0
OTU_847	0	0	25	0	1	0	0	0	0	0
OTU_818	0	0	3	3	206	1	0	0	2	0
OTU_450	0	0	19	0	4	1	3	1	0	1
OTU_605	0	0	15	0	0	0	0	0	0	0
OTU_127	0	0	1	0	1	1	1420	0	1	0
OTU_91	0	0	1	0	0	2	2552	0	0	2
OTU_912	0	0	5	0	5	0	0	0	2	0
OTU_655	0	0	6	0	1	0	3	0	0	0
OTU_940	0	0	3	0	0	0	111	0	0	0
OTU_564	0	0	23	0	0	0	0	0	0	0
OTU_874	0	0	3	0	0	0	0	0	0	0
OTU_569	0	0	11	0	0	0	0	0	0	0
OTU_596	0	0	5	0	0	0	8	1	0	0
OTU_194	0	0	7	1	112	0	90	3	0	2
OTU_735	0	0	3	0	0	0	0	0	4	0
OTU_524	0	0	6	0	0	0	20	0	1	0
OTU_1094	0	0	6	0	0	0	0	0	0	0
OTU_826	0	0	8	0	98	0	0	0	0	0
OTU_985	0	0	9	0	3	0	2	1	0	0
OTU_236	0	0	1	0	0	1	1273	0	0	0
OTU_1315	0	0	3	0	0	0	0	0	0	0
OTU_803	0	0	10	0	0	0	0	0	0	0
OTU_705	0	0	54	0	0	0	0	0	0	0
OTU_660	0	0	7	0	0	0	0	0	0	0
OTU_1155	0	0	5	0	2	0	0	0	0	0
OTU_639	0	0	7	0	0	0	0	0	0	0
OTU_767	0	0	3	1	2	1	18	1	1	0
OTU_880	0	0	9	0	0	0	0	0	0	0
OTU_487	0	0	4	4	0	0	19	0	0	0
OTU_1312	0	0	14	0	1	0	0	0	0	0
OTU_1146	0	0	2	0	0	0	0	0	0	0
OTU_364	0	0	26	0	11	2	1	0	0	0
OTU_760	0	0	5	0	1	0	0	0	0	0
OTU_1281	0	0	2	0	0	0	0	0	0	0
OTU_1223	0	0	1	0	1	0	0	0	0	0
OTU_521	0	0	13	0	0	0	0	0	1	0
OTU_709	0	0	5	0	0	0	0	0	0	0
OTU_461	0	0	1	0	18	0	17	1	0	0
OTU_745	0	0	8	7	1	0	6	1	0	0
OTU_554	0	0	3	0	11	0	0	0	0	0
OTU_947	0	0	4	0	0	0	0	0	0	0
OTU_924	0	0	3	0	0	0	0	0	0	0
OTU_69	0	0	1	1	1626	1	0	0	0	0
OTU_548	0	0	5	0	32	0	0	0	0	0
OTU_1351	0	0	4	0	3	0	1	0	0	0
OTU_1375	0	0	3	0	0	0	0	78	0	3
OTU_1353	0	0	2	0	0	0	0	0	0	0
OTU_351	0	0	1	0	0	1	632	0	0	0
OTU_138	0	0	1	0	515	0	0	0	0	0
OTU_643	0	0	2	0	0	779	0	0	0	0
OTU_1136	0	0	1	0	37	0	8	1	8	0
OTU_1275	0	0	1	0	0	0	5	0	0	0
OTU_599	0	0	2	0	8	0	109	1	1	0
OTU_1273	0	0	9	1	0	0	1	0	20	18
OTU_170	0	0	1	0	0	1	648	1	0	0
OTU_865	0	0	1	1	0	0	6	0	0	0
OTU_953	0	0	2	0	0	0	0	0	0	0
OTU_1380	0	0	4	0	0	0	0	0	0	0
OTU_703	0	0	2	0	0	0	5	0	0	0
OTU_444	0	0	1	0	0	0	0	156	0	0
OTU_421	0	0	3	3	9	1	174	0	19	1
OTU_301	0	0	1	0	63	0	0	0	0	1
OTU_823	0	0	1	0	2	0	88	0	1	0
OTU_389	0	0	1	0	0	0	41	0	0	0
OTU_626	0	0	1	0	0	2	1473	0	0	0
OTU_529	0	0	1	2	0	0	0	1	1818	0
OTU_1333	0	0	2	1	1	0	2	0	12	0
OTU_325	0	0	1	2	39	0	24	0	0	0
OTU_338	0	0	1	0	0	0	0	0	103	0
OTU_779	0	0	1	0	0	0	296	0	0	18
OTU_556	0	0	1	0	0	0	0	0	23	0
OTU_104	0	0	1	0	805	0	0	0	1	1
OTU_1024	0	0	0	6	1	0	4	1	75	5
OTU_1253	0	0	0	12	0	0	0	0	0	0
OTU_781	0	0	0	271	2	1	0	0	0	0
OTU_1232	0	0	0	42	0	0	2	14	0	18
OTU_1236	0	0	0	119	0	0	0	0	0	0
OTU_180	0	0	0	438	0	1	0	0	0	0
OTU_433	0	0	0	35	0	3	0	0	0	4
OTU_814	0	0	0	114	16	84	0	0	2	0
OTU_1338	0	0	0	109	0	0	0	16	0	4
OTU_964	0	0	0	114	0	42	0	0	0	0
OTU_1336	0	0	0	90	0	0	0	0	0	0
OTU_1021	0	0	0	122	0	0	0	1	0	21
OTU_206	0	0	0	264	0	1	0	0	0	0
OTU_358	0	0	0	85	0	0	0	0	0	0
OTU_948	0	0	0	54	0	0	0	0	0	0
OTU_1043	0	0	0	59	0	3	0	19	0	6
OTU_1330	0	0	0	71	0	0	0	0	0	0
OTU_992	0	0	0	55	0	30	0	2	0	0
OTU_449	0	0	0	38	0	0	0	0	0	0
OTU_1261	0	0	0	65	0	0	0	0	1	0
OTU_1010	0	0	0	78	0	0	0	0	0	0
OTU_1299	0	0	0	39	0	0	0	0	0	0
OTU_976	0	0	0	46	0	0	0	0	0	0
OTU_210	0	0	0	167	0	0	0	0	0	0
OTU_366	0	0	0	39	0	0	0	0	0	0
OTU_567	0	0	0	22	0	0	0	0	0	0
OTU_913	0	0	0	111	0	0	0	19	0	0
OTU_545	0	0	0	13	0	0	0	0	0	0
OTU_757	0	0	0	27	0	0	0	1	0	0
OTU_1074	0	0	0	13	1	0	0	1	0	94
OTU_1063	0	0	0	127	0	0	0	2	1	0
OTU_1069	0	0	0	20	0	134	0	0	0	1
OTU_936	0	0	0	140	0	0	0	0	0	0
OTU_280	0	0	0	109	0	0	0	0	0	0
OTU_1334	0	0	0	16	0	0	0	0	0	0
OTU_916	0	0	0	23	0	0	0	0	0	0
OTU_819	0	0	0	45	0	2	0	0	0	0
OTU_915	0	0	0	66	0	2	0	104	0	2
OTU_621	0	0	0	17	0	0	0	0	0	0
OTU_1059	0	0	0	61	0	0	0	0	0	0
OTU_1386	0	0	0	25	0	0	0	0	0	0
OTU_1304	0	0	0	34	4	7	45	13	1	15
OTU_1023	0	0	0	47	0	23	0	7	0	6
OTU_677	0	0	0	4	0	0	13	1	224	0
OTU_853	0	0	0	5	0	0	0	0	0	0
OTU_1060	0	0	0	41	0	0	0	0	0	0
OTU_534	0	0	0	8	0	4	0	0	0	0
OTU_1331	0	0	0	9	0	0	0	0	0	0
OTU_1270	0	0	0	12	0	0	20	0	0	2
OTU_1054	0	0	0	16	0	0	0	0	0	0
OTU_474	0	0	0	14	5	2	16	1	2	1
OTU_983	0	0	0	4	0	137	0	0	1	0
OTU_652	0	0	0	6	0	841	0	3	1	6
OTU_1095	0	0	0	1	0	149	0	0	0	0
OTU_1073	0	0	0	8	0	0	0	51	0	0
OTU_1187	0	0	0	3	0	0	0	0	100	0
OTU_1172	0	0	0	15	0	102	0	0	0	0
OTU_900	0	0	0	3	2	1	0	0	0	2
OTU_933	0	0	0	1	0	157	0	0	0	0
OTU_265	0	0	0	1	0	0	0	238	0	0
OTU_574	0	0	0	1	12	0	4	4	0	0
OTU_1337	0	0	0	14	0	10	0	0	0	0
OTU_1294	0	0	0	3	0	0	0	0	0	0
OTU_850	0	0	0	10	0	0	0	0	0	0
OTU_926	0	0	0	4	1	0	0	76	10	109
OTU_1183	0	0	0	3	0	19	0	0	0	0
OTU_1049	0	0	0	1	0	0	0	0	66	0
OTU_505	0	0	0	2	7	6	11	3	2	0
OTU_854	0	0	0	6	0	4	0	15	0	221
OTU_328	0	0	0	1	0	0	0	54	0	0
OTU_1258	0	0	0	2	0	51	0	0	0	0
OTU_689	0	0	0	2	68	0	14	0	0	1
OTU_1389	0	0	0	1	0	0	0	10	0	15
OTU_911	0	0	0	2	0	0	142	0	0	36
OTU_1216	0	0	0	1	75	0	2	0	0	5
OTU_857	0	0	0	1	0	0	0	0	0	34
OTU_1325	0	0	0	2	29	1	0	0	0	0
OTU_251	0	0	0	1	1	1	0	154	0	0
OTU_164	0	0	0	1	0	2	995	0	0	0
OTU_535	0	0	0	1	11	0	0	0	1	0
OTU_536	0	0	0	1	0	0	0	0	36	0
OTU_1308	0	0	0	3	7	0	0	0	0	0
OTU_812	0	0	0	1	3	0	5	0	0	0
OTU_712	0	0	0	6	0	571	0	0	1	0
OTU_1388	0	0	0	1	2	1	0	3	0	6
OTU_1163	0	0	0	1	0	58	0	5	0	32
OTU_1269	0	0	0	1	0	0	0	0	133	0
OTU_1076	0	0	0	1	0	0	0	0	28	0
OTU_905	0	0	0	1	8	0	1	0	10	0
OTU_815	0	0	0	1	0	0	0	144	0	0
OTU_262	0	0	0	1	0	0	87	0	0	0
OTU_112	0	0	0	1	0	1	976	0	1	0
OTU_140	0	0	0	0	510	0	0	0	0	0
OTU_1295	0	0	0	0	1109	1	0	0	1	0
OTU_132	0	0	0	0	736	0	0	0	0	0
OTU_84	0	0	0	0	1390	3	0	0	0	0
OTU_85	0	0	0	0	1456	0	1	0	0	0
OTU_145	0	0	0	0	407	0	0	0	0	0
OTU_99	0	0	0	0	892	0	1	0	0	0
OTU_1280	0	0	0	0	105	0	0	0	1	0
OTU_266	0	0	0	0	96	0	0	0	0	0
OTU_120	0	0	0	0	719	0	0	0	0	0
OTU_131	0	0	0	0	568	1	0	0	0	0
OTU_466	0	0	0	0	1230	1	0	0	0	1
OTU_909	0	0	0	0	18	0	0	0	0	0
OTU_226	0	0	0	0	301	0	1	0	0	0
OTU_949	0	0	0	0	134	0	0	0	0	0
OTU_67	0	0	0	0	1937	1	0	1	1	0
OTU_158	0	0	0	0	394	0	0	0	1	0
OTU_665	0	0	0	0	825	0	0	0	1	0
OTU_56	0	0	0	0	2164	3	0	0	1	0
OTU_664	0	0	0	0	799	3	0	0	0	0
OTU_167	0	0	0	0	314	0	0	0	0	0
OTU_595	0	0	0	0	57	0	28	1	0	25
OTU_1041	0	0	0	0	546	3	0	0	0	0
OTU_634	0	0	0	0	532	0	0	1	0	0
OTU_93	0	0	0	0	1805	1	0	0	1	0
OTU_103	0	0	0	0	791	3	0	0	0	0
OTU_94	0	0	0	0	1076	3	0	0	1	0
OTU_1097	0	0	0	0	45	0	0	0	0	0
OTU_1120	0	0	0	0	78	0	0	0	0	0
OTU_359	0	0	0	0	40	0	0	0	0	0
OTU_1020	0	0	0	0	152	0	16	0	23	0
OTU_147	0	0	0	0	509	1	0	0	2	0
OTU_838	0	0	0	0	290	1	0	0	0	0
OTU_921	0	0	0	0	30	0	0	0	0	0
OTU_174	0	0	0	0	350	0	0	1	0	0
OTU_963	0	0	0	0	454	1	0	0	0	0
OTU_1284	0	0	0	0	61	0	7	0	0	0
OTU_795	0	0	0	0	110	0	0	0	6	0
OTU_188	0	0	0	0	252	0	0	0	0	0
OTU_952	0	0	0	0	319	0	0	0	0	0
OTU_130	0	0	0	0	444	0	0	0	0	0
OTU_159	0	0	0	0	358	0	0	0	0	0
OTU_1239	0	0	0	0	9	0	1	0	24	1
OTU_208	0	0	0	0	279	0	0	0	0	0
OTU_1025	0	0	0	0	76	0	0	0	0	0
OTU_1309	0	0	0	0	1	1	0	0	0	0
OTU_312	0	0	0	0	55	0	0	0	0	0
OTU_530	0	0	0	0	28	0	0	0	0	0
OTU_577	0	0	0	0	697	0	0	0	0	0
OTU_289	0	0	0	0	65	0	0	0	0	0
OTU_923	0	0	0	0	25	0	0	0	0	0
OTU_967	0	0	0	0	63	0	0	0	0	0
OTU_1303	0	0	0	0	3	0	0	0	0	0
OTU_305	0	0	0	0	68	1	0	0	0	0
OTU_295	0	0	0	0	83	0	0	0	0	0
OTU_573	0	0	0	0	10	0	0	0	0	0
OTU_246	0	0	0	0	101	0	0	0	0	0
OTU_717	0	0	0	0	156	0	0	0	0	0
OTU_344	0	0	0	0	47	0	0	0	0	0
OTU_394	0	0	0	0	28	0	0	0	0	0
OTU_897	0	0	0	0	220	0	0	0	0	0
OTU_1212	0	0	0	0	14	6	0	0	1	0
OTU_1278	0	0	0	0	57	1	0	0	0	0
OTU_288	0	0	0	0	64	0	0	0	0	0
OTU_998	0	0	0	0	207	3	0	0	0	0
OTU_1192	0	0	0	0	55	0	9	0	0	0
OTU_333	0	0	0	0	62	0	0	0	0	0
OTU_420	0	0	0	0	130	0	0	0	0	0
OTU_398	0	0	0	0	31	0	0	0	0	0
OTU_427	0	0	0	0	27	0	1	0	0	0
OTU_843	0	0	0	0	5	0	0	0	0	0
OTU_600	0	0	0	0	8	0	295	15	340	0
OTU_1241	0	0	0	0	9	0	0	0	0	0
OTU_381	0	0	0	0	44	0	0	0	0	0
OTU_292	0	0	0	0	73	0	4	0	0	0
OTU_378	0	0	0	0	27	0	0	0	0	0
OTU_711	0	0	0	0	18	0	0	0	0	0
OTU_802	0	0	0	0	11	0	118	0	0	0
OTU_942	0	0	0	0	3	0	0	0	0	0
OTU_1040	0	0	0	0	19	0	0	0	0	0
OTU_1102	0	0	0	0	8	0	0	0	0	0
OTU_750	0	0	0	0	7	0	0	0	0	0
OTU_437	0	0	0	0	22	0	0	0	0	0
OTU_1287	0	0	0	0	13	0	0	0	0	0
OTU_452	0	0	0	0	16	1	3	0	0	0
OTU_1233	0	0	0	0	18	0	0	1	0	8
OTU_590	0	0	0	0	30	0	0	0	0	0
OTU_546	0	0	0	0	22	0	5	0	0	0
OTU_561	0	0	0	0	15	0	1	0	0	0
OTU_356	0	0	0	0	38	0	2	0	0	0
OTU_669	0	0	0	0	22	0	0	0	0	0
OTU_1318	0	0	0	0	64	0	8	0	0	0
OTU_1277	0	0	0	0	4	0	0	0	0	0
OTU_523	0	0	0	0	16	0	0	0	0	0
OTU_1127	0	0	0	0	17	0	0	0	0	0
OTU_866	0	0	0	0	8	0	0	0	0	1
OTU_1286	0	0	0	0	2	0	0	0	0	0
OTU_641	0	0	0	0	11	0	0	0	0	0
OTU_1352	0	0	0	0	5	0	0	0	0	6
OTU_541	0	0	0	0	30	2	0	5	0	1263
OTU_1085	0	0	0	0	73	0	0	0	0	0
OTU_594	0	0	0	0	7	2	0	0	0	0
OTU_613	0	0	0	0	10	0	0	0	0	0
OTU_348	0	0	0	0	42	0	0	0	0	0
OTU_1327	0	0	0	0	2	0	0	0	0	0
OTU_801	0	0	0	0	12	0	0	0	0	0
OTU_889	0	0	0	0	5	0	0	0	0	0
OTU_744	0	0	0	0	79	0	0	0	0	0
OTU_714	0	0	0	0	8	0	1	0	0	0
OTU_1067	0	0	0	0	2	0	0	0	165	0
OTU_1224	0	0	0	0	37	0	0	24	0	0
OTU_566	0	0	0	0	9	0	0	0	0	0
OTU_1321	0	0	0	0	2	0	0	0	0	0
OTU_1343	0	0	0	0	7	0	50	0	0	0
OTU_930	0	0	0	0	18	0	0	0	0	0
OTU_1129	0	0	0	0	8	0	2	0	0	0
OTU_816	0	0	0	0	14	0	0	0	0	0
OTU_747	0	0	0	0	5	0	0	0	0	0
OTU_331	0	0	0	0	39	0	0	0	0	0
OTU_645	0	0	0	0	7	40	475	0	15	0
OTU_633	0	0	0	0	8	0	0	0	0	0
OTU_176	0	0	0	0	1	0	0	897	0	0
OTU_1285	0	0	0	0	11	0	0	0	0	0
OTU_1009	0	0	0	0	5	0	0	0	0	32
OTU_343	0	0	0	0	2	0	0	1	0	251
OTU_1276	0	0	0	0	4	0	0	0	0	0
OTU_622	0	0	0	0	7	0	0	0	0	0
OTU_1096	0	0	0	0	34	0	0	0	0	0
OTU_647	0	0	0	0	11	0	0	0	0	0
OTU_593	0	0	0	0	7	0	3	0	0	0
OTU_1314	0	0	0	0	4	0	0	0	0	0
OTU_1087	0	0	0	0	4	0	0	0	0	0
OTU_1078	0	0	0	0	4	0	0	0	0	0
OTU_993	0	0	0	0	2	0	0	0	0	0
OTU_833	0	0	0	0	5	0	0	0	0	0
OTU_799	0	0	0	0	3	0	0	0	0	0
OTU_1181	0	0	0	0	2	0	0	0	0	0
OTU_109	0	0	0	0	1	2	973	0	0	0
OTU_618	0	0	0	0	5	0	7	0	2	0
OTU_560	0	0	0	0	15	0	0	0	0	0
OTU_1376	0	0	0	0	3	0	4	0	0	0
OTU_939	0	0	0	0	12	0	0	0	0	0
OTU_543	0	0	0	0	11	3	2	0	0	0
OTU_759	0	0	0	0	11	0	0	0	0	0
OTU_553	0	0	0	0	17	0	0	0	0	0
OTU_559	0	0	0	0	10	0	0	0	0	0
OTU_533	0	0	0	0	5	0	11	0	0	0
OTU_1271	0	0	0	0	3	0	0	0	0	0
OTU_55	0	0	0	0	1	2	2386	0	1	1
OTU_588	0	0	0	0	16	0	0	0	0	0
OTU_804	0	0	0	0	4	0	0	0	0	0
OTU_640	0	0	0	0	5	0	1	0	1	0
OTU_648	0	0	0	0	9	0	0	0	0	0
OTU_515	0	0	0	0	11	0	0	0	0	0
OTU_1188	0	0	0	0	4	0	0	0	0	0
OTU_832	0	0	0	0	3	0	0	0	0	0
OTU_894	0	0	0	0	2	0	0	0	6	0
OTU_966	0	0	0	0	3	0	0	0	0	0
OTU_87	0	0	0	0	1	2	1308	0	0	0
OTU_879	0	0	0	0	1	0	0	47	0	268
OTU_1154	0	0	0	0	1	0	104	0	0	0
OTU_1218	0	0	0	0	2	0	0	0	0	0
OTU_1139	0	0	0	0	4	0	54	0	0	0
OTU_1264	0	0	0	0	2	0	0	0	0	0
OTU_796	0	0	0	0	5	0	0	0	0	0
OTU_1227	0	0	0	0	2	0	0	0	0	0
OTU_173	0	0	0	0	1	0	0	347	0	0
OTU_1114	0	0	0	0	6	0	0	0	0	0
OTU_1147	0	0	0	0	2	0	0	0	0	0
OTU_1106	0	0	0	0	3	0	0	0	0	0
OTU_1356	0	0	0	0	3	0	20	0	0	0
OTU_1031	0	0	0	0	2	0	68	5	0	0
OTU_575	0	0	0	0	3	0	5	0	6	0
OTU_1152	0	0	0	0	3	0	0	0	0	0
OTU_870	0	0	0	0	2	0	6	0	0	0
OTU_810	0	0	0	0	4	0	2	0	0	0
OTU_519	0	0	0	0	1	0	4	82	1	0
OTU_748	0	0	0	0	1	0	6	0	1	0
OTU_830	0	0	0	0	3	0	0	0	0	0
OTU_995	0	0	0	0	1	226	0	0	0	0
OTU_754	0	0	0	0	1	0	7	0	0	0
OTU_136	0	0	0	0	2	0	604	0	0	0
OTU_1272	0	0	0	0	1	0	0	0	0	1
OTU_813	0	0	0	0	0	253	0	0	0	0
OTU_1180	0	0	0	0	0	33	0	0	0	0
OTU_713	0	0	0	0	0	445	0	0	0	0
OTU_1200	0	0	0	0	0	19	0	0	0	0
OTU_1133	0	0	0	0	0	180	0	0	0	0
OTU_218	0	0	0	0	0	340	0	0	0	0
OTU_715	0	0	0	0	0	197	0	0	0	0
OTU_956	0	0	0	0	0	290	0	1	0	0
OTU_631	0	0	0	0	0	398	0	0	0	0
OTU_584	0	0	0	0	0	587	0	0	0	0
OTU_793	0	0	0	0	0	223	0	0	0	0
OTU_638	0	0	0	0	0	677	0	0	0	0
OTU_727	0	0	0	0	0	247	0	0	0	0
OTU_1089	0	0	0	0	0	48	0	0	0	0
OTU_623	0	0	0	0	0	706	0	0	0	0
OTU_1130	0	0	0	0	0	109	0	0	0	0
OTU_859	0	0	0	0	0	353	0	0	0	0
OTU_1230	0	0	0	0	0	66	0	0	0	0
OTU_1124	0	0	0	0	0	79	0	0	0	0
OTU_608	0	0	0	0	0	294	0	0	0	1
OTU_954	0	0	0	0	0	111	0	0	0	0
OTU_1008	0	0	0	0	0	46	0	0	0	0
OTU_890	0	0	0	0	0	64	0	0	0	0
OTU_732	0	0	0	0	0	353	0	0	0	0
OTU_1141	0	0	0	0	0	165	0	0	0	0
OTU_1255	0	0	0	0	0	32	0	0	0	0
OTU_1057	0	0	0	0	0	86	0	0	0	0
OTU_982	0	0	0	0	0	99	0	0	0	0
OTU_1234	0	0	0	0	0	76	0	0	0	0
OTU_1086	0	0	0	0	0	177	0	0	0	0
OTU_1203	0	0	0	0	0	46	0	0	0	0
OTU_1055	0	0	0	0	0	72	0	0	0	0
OTU_589	0	0	0	0	0	5	1272	0	0	0
OTU_1217	0	0	0	0	0	102	0	0	0	0
OTU_1174	0	0	0	0	0	103	0	1	0	0
OTU_1214	0	0	0	0	0	43	0	0	0	0
OTU_1003	0	0	0	0	0	68	0	0	0	0
OTU_973	0	0	0	0	0	89	0	0	0	0
OTU_86	0	0	0	0	0	6	2031	2	0	0
OTU_1134	0	0	0	0	0	70	0	0	0	0
OTU_1107	0	0	0	0	0	35	0	0	0	0
OTU_422	0	0	0	0	0	1	72	0	0	0
OTU_845	0	0	0	0	0	15	0	0	0	0
OTU_460	0	0	0	0	0	1	80	0	0	0
OTU_844	0	0	0	0	0	5	0	0	0	0
OTU_1245	0	0	0	0	0	3	0	0	1	0
OTU_628	0	0	0	0	0	1	27	0	0	0
OTU_999	0	0	0	0	0	1	0	6	0	213
OTU_1229	0	0	0	0	0	4	0	0	0	0
OTU_1305	0	0	0	0	0	11	0	0	0	0
OTU_361	0	0	0	0	0	2	0	0	54	0
OTU_773	0	0	0	0	0	1	0	47	0	34
OTU_578	0	0	0	0	0	1	0	40	5	0
OTU_1248	0	0	0	0	0	2	0	0	19	0
OTU_355	0	0	0	0	0	1	53	0	0	0
OTU_1137	0	0	0	0	0	2	0	0	0	0
OTU_895	0	0	0	0	0	1	22	0	0	0
OTU_873	0	0	0	0	0	1	0	0	0	223
OTU_119	0	0	0	0	0	1	626	0	0	0
OTU_978	0	0	0	0	0	1	0	156	0	0
OTU_849	0	0	0	0	0	1	81	108	9	2
OTU_1131	0	0	0	0	0	6	0	0	0	0
OTU_310	0	0	0	0	0	1	0	0	73	0
OTU_214	0	0	0	0	0	1	3	179	0	0
OTU_1015	0	0	0	0	0	3	1	80	2	0
OTU_125	0	0	0	0	0	1	1609	0	0	0
OTU_220	0	0	0	0	0	1	267	0	0	0
OTU_1061	0	0	0	0	0	2	0	0	112	0
OTU_122	0	0	0	0	0	1	0	813	0	0
OTU_253	0	0	0	0	0	1	0	0	0	171
OTU_89	0	0	0	0	0	1	1357	3	2	0
OTU_914	0	0	0	0	0	2	0	0	0	0
OTU_576	0	0	0	0	0	2	11	0	0	0
OTU_1191	0	0	0	0	0	1	232	0	0	0
OTU_495	0	0	0	0	0	1	64	0	0	0
OTU_1260	0	0	0	0	0	1	0	0	0	136
OTU_281	0	0	0	0	0	1	0	0	255	0
OTU_190	0	0	0	0	0	1	213	0	0	0
OTU_234	0	0	0	0	0	0	140	0	0	0
OTU_1185	0	0	0	0	0	0	187	0	0	0
OTU_791	0	0	0	0	0	0	161	3	0	1
OTU_337	0	0	0	0	0	0	513	1	0	0
OTU_514	0	0	0	0	0	0	15	0	0	0
OTU_937	0	0	0	0	0	0	32	0	0	0
OTU_469	0	0	0	0	0	0	22	0	0	0
OTU_191	0	0	0	0	0	0	214	0	0	0
OTU_296	0	0	0	0	0	0	64	0	0	0
OTU_157	0	0	0	0	0	0	335	0	0	0
OTU_657	0	0	0	0	0	0	9	0	0	0
OTU_168	0	0	0	0	0	0	238	44	0	0
OTU_694	0	0	0	0	0	0	236	0	0	0
OTU_260	0	0	0	0	0	0	69	0	0	0
OTU_725	0	0	0	0	0	0	235	0	2	0
OTU_891	0	0	0	0	0	0	90	0	0	0
OTU_822	0	0	0	0	0	0	77	0	0	0
OTU_1225	0	0	0	0	0	0	82	0	0	0
OTU_928	0	0	0	0	0	0	72	0	0	0
OTU_1053	0	0	0	0	0	0	9	0	0	0
OTU_1324	0	0	0	0	0	0	246	0	0	0
OTU_587	0	0	0	0	0	0	46	0	0	0
OTU_430	0	0	0	0	0	0	519	1	0	0
OTU_239	0	0	0	0	0	0	279	0	0	0
OTU_906	0	0	0	0	0	0	222	0	0	0
OTU_749	0	0	0	0	0	0	5	0	0	0
OTU_313	0	0	0	0	0	0	61	0	0	0
OTU_353	0	0	0	0	0	0	112	0	1	0
OTU_442	0	0	0	0	0	0	19	0	0	0
OTU_887	0	0	0	0	0	0	79	1	0	0
OTU_1328	0	0	0	0	0	0	37	0	0	0
OTU_357	0	0	0	0	0	0	32	0	0	0
OTU_1198	0	0	0	0	0	0	218	0	1	1
OTU_447	0	0	0	0	0	0	79	0	0	0
OTU_907	0	0	0	0	0	0	104	2	1	0
OTU_405	0	0	0	0	0	0	42	0	0	0
OTU_1194	0	0	0	0	0	0	21	0	0	19
OTU_271	0	0	0	0	0	0	74	0	0	0
OTU_481	0	0	0	0	0	0	25	0	0	0
OTU_307	0	0	0	0	0	0	86	0	0	0
OTU_493	0	0	0	0	0	0	19	0	1	0
OTU_284	0	0	0	0	0	0	200	0	0	0
OTU_217	0	0	0	0	0	0	135	0	0	0
OTU_250	0	0	0	0	0	0	97	0	0	0
OTU_423	0	0	0	0	0	0	51	0	0	0
OTU_718	0	0	0	0	0	0	25	0	0	0
OTU_1142	0	0	0	0	0	0	83	0	0	24
OTU_388	0	0	0	0	0	0	39	0	0	0
OTU_537	0	0	0	0	0	0	19	0	0	0
OTU_1145	0	0	0	0	0	0	40	0	0	0
OTU_562	0	0	0	0	0	0	109	0	0	0
OTU_232	0	0	0	0	0	0	110	0	0	0
OTU_400	0	0	0	0	0	0	35	0	0	0
OTU_728	0	0	0	0	0	0	5	0	0	0
OTU_1160	0	0	0	0	0	0	35	0	0	0
OTU_306	0	0	0	0	0	0	88	0	0	0
OTU_856	0	0	0	0	0	0	14	0	0	0
OTU_419	0	0	0	0	0	0	45	0	0	0
OTU_1310	0	0	0	0	0	0	20	0	0	0
OTU_399	0	0	0	0	0	0	86	0	0	0
OTU_624	0	0	0	0	0	0	55	0	0	0
OTU_673	0	0	0	0	0	0	11	0	0	0
OTU_483	0	0	0	0	0	0	122	0	0	0
OTU_941	0	0	0	0	0	0	73	0	1	30
OTU_1158	0	0	0	0	0	0	187	0	0	0
OTU_630	0	0	0	0	0	0	7	0	0	0
OTU_1166	0	0	0	0	0	0	39	0	0	0
OTU_685	0	0	0	0	0	0	20	0	0	0
OTU_350	0	0	0	0	0	0	45	0	0	0
OTU_943	0	0	0	0	0	0	86	0	0	0
OTU_1159	0	0	0	0	0	0	56	0	0	0
OTU_1332	0	0	0	0	0	0	42	0	0	0
OTU_436	0	0	0	0	0	0	30	0	0	0
OTU_1028	0	0	0	0	0	0	2	74	0	0
OTU_518	0	0	0	0	0	0	16	0	0	0
OTU_902	0	0	0	0	0	0	10	0	0	0
OTU_817	0	0	0	0	0	0	5	0	0	0
OTU_1391	0	0	0	0	0	0	27	0	0	0
OTU_467	0	0	0	0	0	0	22	0	0	0
OTU_255	0	0	0	0	0	0	97	0	0	0
OTU_1193	0	0	0	0	0	0	30	0	0	0
OTU_385	0	0	0	0	0	0	31	0	0	0
OTU_772	0	0	0	0	0	0	6	0	0	0
OTU_365	0	0	0	0	0	0	32	0	0	0
OTU_363	0	0	0	0	0	0	44	0	0	0
OTU_893	0	0	0	0	0	0	61	0	0	0
OTU_658	0	0	0	0	0	0	6	0	0	0
OTU_387	0	0	0	0	0	0	68	0	0	0
OTU_334	0	0	0	0	0	0	47	0	0	0
OTU_1062	0	0	0	0	0	0	4	0	0	0
OTU_808	0	0	0	0	0	0	13	0	0	0
OTU_776	0	0	0	0	0	0	35	0	0	0
OTU_321	0	0	0	0	0	0	53	0	0	0
OTU_1355	0	0	0	0	0	0	17	0	0	0
OTU_249	0	0	0	0	0	0	86	0	0	0
OTU_724	0	0	0	0	0	0	12	281	0	22
OTU_807	0	0	0	0	0	0	28	0	0	0
OTU_1153	0	0	0	0	0	0	6	0	0	0
OTU_549	0	0	0	0	0	0	13	0	0	0
OTU_1150	0	0	0	0	0	0	66	0	0	0
OTU_896	0	0	0	0	0	0	3	0	0	0
OTU_908	0	0	0	0	0	0	5	0	0	0
OTU_392	0	0	0	0	0	0	53	0	0	0
OTU_1265	0	0	0	0	0	0	3	0	0	0
OTU_544	0	0	0	0	0	0	15	0	0	0
OTU_503	0	0	0	0	0	0	28	0	0	0
OTU_671	0	0	0	0	0	0	7	0	0	0
OTU_1379	0	0	0	0	0	0	6	0	0	0
OTU_601	0	0	0	0	0	0	40	0	0	0
OTU_538	0	0	0	0	0	0	12	0	0	0
OTU_1164	0	0	0	0	0	0	2	0	0	0
OTU_970	0	0	0	0	0	0	4	22	0	99
OTU_782	0	0	0	0	0	0	5	0	0	0
OTU_761	0	0	0	0	0	0	24	0	0	0
OTU_429	0	0	0	0	0	0	29	0	0	0
OTU_1195	0	0	0	0	0	0	15	0	0	5
OTU_510	0	0	0	0	0	0	16	0	0	0
OTU_583	0	0	0	0	0	0	19	0	3	0
OTU_1048	0	0	0	0	0	0	1	0	85	0
OTU_502	0	0	0	0	0	0	16	0	0	0
OTU_1175	0	0	0	0	0	0	2	0	0	0
OTU_382	0	0	0	0	0	0	27	0	0	0
OTU_944	0	0	0	0	0	0	7	102	1	56
OTU_317	0	0	0	0	0	0	11	140	1	1
OTU_417	0	0	0	0	0	0	2	55	0	0
OTU_625	0	0	0	0	0	0	12	0	0	0
OTU_848	0	0	0	0	0	0	4	0	0	0
OTU_1196	0	0	0	0	0	0	2	0	0	0
OTU_888	0	0	0	0	0	0	14	0	0	0
OTU_1118	0	0	0	0	0	0	1	3	0	21
OTU_629	0	0	0	0	0	0	8	0	0	0
OTU_820	0	0	0	0	0	0	6	0	0	0
OTU_739	0	0	0	0	0	0	10	0	0	0
OTU_693	0	0	0	0	0	0	9	0	0	0
OTU_459	0	0	0	0	0	0	24	0	0	0
OTU_831	0	0	0	0	0	0	12	1	0	0
OTU_738	0	0	0	0	0	0	6	0	0	0
OTU_525	0	0	0	0	0	0	13	0	0	0
OTU_690	0	0	0	0	0	0	8	0	0	0
OTU_1001	0	0	0	0	0	0	6	0	0	0
OTU_910	0	0	0	0	0	0	3	0	0	0
OTU_504	0	0	0	0	0	0	12	0	0	0
OTU_903	0	0	0	0	0	0	3	0	0	0
OTU_788	0	0	0	0	0	0	3	117	1	202
OTU_834	0	0	0	0	0	0	6	0	0	0
OTU_968	0	0	0	0	0	0	3	0	0	0
OTU_676	0	0	0	0	0	0	6	0	0	0
OTU_996	0	0	0	0	0	0	2	0	1	0
OTU_1176	0	0	0	0	0	0	2	0	0	0
OTU_1382	0	0	0	0	0	0	9	0	0	0
OTU_1348	0	0	0	0	0	0	2	0	0	0
OTU_1190	0	0	0	0	0	0	2	0	0	0
OTU_1347	0	0	0	0	0	0	3	0	0	0
OTU_1156	0	0	0	0	0	0	11	0	0	0
OTU_668	0	0	0	0	0	0	16	0	0	0
OTU_1226	0	0	0	0	0	0	19	0	0	0
OTU_1263	0	0	0	0	0	0	2	0	0	0
OTU_686	0	0	0	0	0	0	9	0	0	0
OTU_720	0	0	0	0	0	0	1	0	29	0
OTU_1346	0	0	0	0	0	0	4	0	0	0
OTU_991	0	0	0	0	0	0	2	0	0	0
OTU_721	0	0	0	0	0	0	6	0	0	0
OTU_1179	0	0	0	0	0	0	2	0	0	0
OTU_1178	0	0	0	0	0	0	3	0	0	0
OTU_1372	0	0	0	0	0	0	2	0	0	0
OTU_247	0	0	0	0	0	0	10	0	1	185
OTU_881	0	0	0	0	0	0	5	0	0	0
OTU_1157	0	0	0	0	0	0	3	0	0	0
OTU_702	0	0	0	0	0	0	5	0	0	0
OTU_974	0	0	0	0	0	0	2	0	0	0
OTU_580	0	0	0	0	0	0	1	0	11	0
OTU_1162	0	0	0	0	0	0	2	0	0	0
OTU_950	0	0	0	0	0	0	2	0	0	0
OTU_1002	0	0	0	0	0	0	2	0	0	0
OTU_1117	0	0	0	0	0	0	3	5	0	51
OTU_1068	0	0	0	0	0	0	4	0	0	0
OTU_861	0	0	0	0	0	0	4	0	0	0
OTU_1047	0	0	0	0	0	0	1	2	68	0
OTU_883	0	0	0	0	0	0	3	0	0	0
OTU_1022	0	0	0	0	0	0	2	0	0	104
OTU_862	0	0	0	0	0	0	3	0	0	0
OTU_1373	0	0	0	0	0	0	3	0	0	0
OTU_1038	0	0	0	0	0	0	1	69	0	2
OTU_1090	0	0	0	0	0	0	1	0	6	0
OTU_1329	0	0	0	0	0	0	2	0	0	0
OTU_196	0	0	0	0	0	0	1	1	1	629
OTU_227	0	0	0	0	0	0	0	140	0	0
OTU_1016	0	0	0	0	0	0	0	188	0	2
OTU_229	0	0	0	0	0	0	0	275	0	0
OTU_391	0	0	0	0	0	0	0	81	0	0
OTU_609	0	0	0	0	0	0	0	40	0	0
OTU_1257	0	0	0	0	0	0	0	18	0	0
OTU_267	0	0	0	0	0	0	0	101	0	0
OTU_678	0	0	0	0	0	0	0	47	0	310
OTU_1111	0	0	0	0	0	0	0	166	0	0
OTU_482	0	0	0	0	0	0	0	134	0	0
OTU_411	0	0	0	0	0	0	0	262	0	0
OTU_1083	0	0	0	0	0	0	0	10	31	0
OTU_336	0	0	0	0	0	0	0	64	0	0
OTU_222	0	0	0	0	0	0	0	202	0	0
OTU_324	0	0	0	0	0	0	0	148	0	0
OTU_440	0	0	0	0	0	0	0	79	0	0
OTU_223	0	0	0	0	0	0	0	135	0	0
OTU_233	0	0	0	0	0	0	0	214	0	0
OTU_335	0	0	0	0	0	0	0	65	0	0
OTU_219	0	0	0	0	0	0	0	152	0	0
OTU_291	0	0	0	0	0	0	0	135	0	0
OTU_617	0	0	0	0	0	0	0	26	0	0
OTU_441	0	0	0	0	0	0	0	24	0	0
OTU_557	0	0	0	0	0	0	0	186	0	0
OTU_946	0	0	0	0	0	0	0	83	0	0
OTU_340	0	0	0	0	0	0	0	58	0	0
OTU_1350	0	0	0	0	0	0	0	66	0	0
OTU_304	0	0	0	0	0	0	0	61	0	0
OTU_319	0	0	0	0	0	0	0	69	0	0
OTU_1066	0	0	0	0	0	0	0	214	0	0
OTU_871	0	0	0	0	0	0	0	132	0	0
OTU_1326	0	0	0	0	0	0	0	69	0	0
OTU_520	0	0	0	0	0	0	0	24	0	0
OTU_332	0	0	0	0	0	0	0	14	1	129
OTU_242	0	0	0	0	0	0	0	107	0	0
OTU_598	0	0	0	0	0	0	0	29	0	0
OTU_329	0	0	0	0	0	0	0	76	0	0
OTU_1208	0	0	0	0	0	0	0	58	8	36
OTU_730	0	0	0	0	0	0	0	40	0	0
OTU_1072	0	0	0	0	0	0	0	8	0	0
OTU_1035	0	0	0	0	0	0	0	82	0	0
OTU_1029	0	0	0	0	0	0	0	30	0	0
OTU_1289	0	0	0	0	0	0	0	70	0	0
OTU_615	0	0	0	0	0	0	0	140	0	0
OTU_872	0	0	0	0	0	0	0	27	0	0
OTU_485	0	0	0	0	0	0	0	39	0	0
OTU_1293	0	0	0	0	0	0	0	14	0	0
OTU_607	0	0	0	0	0	0	0	10	1	0
OTU_680	0	0	0	0	0	0	0	16	0	0
OTU_479	0	0	0	0	0	0	0	71	0	0
OTU_342	0	0	0	0	0	0	0	60	0	0
OTU_1288	0	0	0	0	0	0	0	35	1	1
OTU_1046	0	0	0	0	0	0	0	68	0	0
OTU_1109	0	0	0	0	0	0	0	15	0	6
OTU_726	0	0	0	0	0	0	0	62	0	0
OTU_1279	0	0	0	0	0	0	0	33	0	0
OTU_962	0	0	0	0	0	0	0	4	0	0
OTU_979	0	0	0	0	0	0	0	64	0	9
OTU_958	0	0	0	0	0	0	0	28	1	0
OTU_552	0	0	0	0	0	0	0	22	0	0
OTU_386	0	0	0	0	0	0	0	24	0	0
OTU_489	0	0	0	0	0	0	0	14	0	0
OTU_1112	0	0	0	0	0	0	0	11	0	0
OTU_729	0	0	0	0	0	0	0	12	0	0
OTU_362	0	0	0	0	0	0	0	48	0	0
OTU_1290	0	0	0	0	0	0	0	7	0	0
OTU_716	0	0	0	0	0	0	0	9	0	0
OTU_409	0	0	0	0	0	0	0	38	0	0
OTU_492	0	0	0	0	0	0	0	18	0	0
OTU_884	0	0	0	0	0	0	0	19	0	0
OTU_672	0	0	0	0	0	0	0	9	0	0
OTU_1173	0	0	0	0	0	0	0	4	0	0
OTU_1032	0	0	0	0	0	0	0	7	0	0
OTU_706	0	0	0	0	0	0	0	5	0	2
OTU_1070	0	0	0	0	0	0	0	7	0	0
OTU_984	0	0	0	0	0	0	0	3	0	0
OTU_922	0	0	0	0	0	0	0	6	0	0
OTU_527	0	0	0	0	0	0	0	1	54	0
OTU_1395	0	0	0	0	0	0	0	2	107	0
OTU_1103	0	0	0	0	0	0	0	1	83	0
OTU_179	0	0	0	0	0	0	0	1	241	0
OTU_299	0	0	0	0	0	0	0	0	68	0
OTU_431	0	0	0	0	0	0	0	0	71	0
OTU_696	0	0	0	0	0	0	0	0	451	0
OTU_1045	0	0	0	0	0	0	0	0	85	0
OTU_733	0	0	0	0	0	0	0	0	227	0
OTU_383	0	0	0	0	0	0	0	0	30	0
OTU_1050	0	0	0	0	0	0	0	0	73	0
OTU_445	0	0	0	0	0	0	0	0	235	0
OTU_1140	0	0	0	0	0	0	0	0	61	0
OTU_341	0	0	0	0	0	0	0	0	88	0
OTU_542	0	0	0	0	0	0	0	0	24	0
OTU_463	0	0	0	0	0	0	0	0	44	0
OTU_1394	0	0	0	0	0	0	0	0	72	0
OTU_1252	0	0	0	0	0	0	0	0	3	0
OTU_611	0	0	0	0	0	0	0	0	11	0
OTU_667	0	0	0	0	0	0	0	0	28	0
OTU_1243	0	0	0	0	0	0	0	0	78	0
OTU_1392	0	0	0	0	0	0	0	0	55	0
OTU_458	0	0	0	0	0	0	0	0	23	0
OTU_540	0	0	0	0	0	0	0	0	14	0
OTU_614	0	0	0	0	0	0	0	0	27	0
OTU_1143	0	0	0	0	0	0	0	0	16	0
OTU_526	0	0	0	0	0	0	0	0	10	0
OTU_572	0	0	0	0	0	0	0	0	9	0
OTU_710	0	0	0	0	0	0	0	0	17	0
OTU_653	0	0	0	0	0	0	0	0	14	1
OTU_555	0	0	0	0	0	0	0	0	11	0
OTU_581	0	0	0	0	0	0	0	0	13	0
OTU_1246	0	0	0	0	0	0	0	0	4	0
OTU_1251	0	0	0	0	0	0	0	0	2	0
OTU_1378	0	0	0	0	0	0	0	0	2	0
OTU_1042	0	0	0	0	0	0	0	0	4	0
OTU_837	0	0	0	0	0	0	0	0	4	0
OTU_396	0	0	0	0	0	0	0	0	0	33
OTU_975	0	0	0	0	0	0	0	0	0	156
OTU_404	0	0	0	0	0	0	0	0	0	26
OTU_568	0	0	0	0	0	0	0	0	0	16
OTU_935	0	0	0	0	0	0	0	0	0	69
OTU_971	0	0	0	0	0	0	0	0	0	115
OTU_1256	0	0	0	0	0	0	0	0	0	3
OTU_1082	0	0	0	0	0	0	0	0	0	70
OTU_252	0	0	0	0	0	0	0	0	0	85
OTU_1249	0	0	0	0	0	0	0	0	0	104
OTU_1238	0	0	0	0	0	0	0	0	0	38
OTU_432	0	0	0	0	0	0	0	0	0	144
OTU_1017	0	0	0	0	0	0	0	0	0	31
OTU_1235	0	0	0	0	0	0	0	0	0	8
OTU_1005	0	0	0	0	0	0	0	0	0	3
OTU_1259	0	0	0	0	0	0	0	0	0	3
OTU_987	0	0	0	0	0	0	0	0	0	2
OTU_741	0	0	0	0	0	0	0	0	0	6
OTU_789	0	0	0	0	0	0	0	0	0	3
OTU_1189	0	0	0	0	0	0	0	0	0	2
OTU_1393	0	0	0	0	0	0	0	0	0	2
