#OTU ID	sample2	sample6	sample9	sample3	sample4	sample8	sample5	sample7	sample10	sample1
OTU_8	47751	81788	108365	47805	50754	43225	126993	162407	1650	51029
OTU_6	66388	118427	161251	64776	69620	63089	184289	235985	2436	69024
OTU_257	58007	17361	22935	9781	10480	9058	27196	34810	396	10304
OTU_16	119940	4803	21794	3405	3573	2131	2253	7767	327	8621
OTU_15	107081	7101	17329	3640	3908	3247	4103	5236	318	7727
OTU_402	79	220	116	31	16	299	108	1242	16	448
OTU_9	9800	275946	111454	26558	27131	126635	155380	90187	2123	47035
OTU_193	34055	974	4380	667	673	461	296	1274	76	1875
OTU_146	908	445	2709	115	123	785	445	2675	19	790
OTU_1	60662	103863	137852	63657	65769	54898	160646	208508	2125	64897
OTU_341	125	56	76	29	101	40	5	28	23	81
OTU_3	10320	65631	117412	2241	1908	29891	26332	417847	1687	52688
OTU_321	396	170	80	160	276	267	41	166	31	117
OTU_139	559	201	870	871	498	336	472	441	210	482
OTU_273	304	410	1565	130	174	266	121	841	153	662
OTU_11	6479	31027	84503	2216	1954	14502	14834	361800	1268	33540
OTU_407	1053	229	40	183	236	391	340	822	120	556
OTU_4	16065	502569	185945	40255	39970	240142	276925	113199	3409	75673
OTU_261	126	50	8	265	153	8	107	421	120	359
OTU_14	5117	21611	58293	807	689	10018	11640	248548	852	26299
OTU_544	357	795	530	646	1162	544	176	535	10	332
OTU_19	2731	21841	4582	71483	72206	9766	12082	910	336	1957
OTU_212	356	738	1199	156	711	2652	973	333	3605	2097
OTU_20	5377	10811	8630	77	2584	5944	13346	11131	602	2643
OTU_23	1420	3450	2336	1282	5512	4272	1610	4550	8957	3803
OTU_270	215	60	103	1539	920	5	8	9	6	77
OTU_97	262	256	433	108	741	155	1039	171	816	1109
OTU_208	915	24	0	33	60	159	665	49	157	22
OTU_110	967	416	1394	934	1195	940	213	636	195	796
OTU_105	1014	918	395	36	985	1282	692	1711	146	1202
OTU_88	1306	3146	2295	1144	5137	3958	1579	4409	9126	3609
OTU_232	537	770	1180	990	789	902	383	380	63	350
OTU_127	653	1357	1826	56	1083	1702	1170	2511	100	111
OTU_138	126	286	838	20	72	572	410	750	369	1358
OTU_593	2255	3468	4111	2013	2322	1478	3695	711	40	2629
OTU_314	54	148	258	2	147	475	29	95	1208	90
OTU_567	653	129	1	158	179	1615	100	179	4	24
OTU_317	505	12	43	92	740	116	236	249	4	68
OTU_101	2998	6922	5328	48	1467	3380	7943	6625	329	1456
OTU_262	1641	6	1	6	0	0	4	0	1	0
OTU_568	215	121	24	15	28	570	236	346	36	121
OTU_145	406	1504	2191	118	431	1041	527	2020	263	708
OTU_526	583	16	1	550	737	509	620	22	5	81
OTU_209	2297	4417	5566	2610	2720	2136	6660	8855	103	2627
OTU_98	1263	7719	735	450	668	830	2560	8707	869	1921
OTU_25	895	13706	2628	299	1142	9853	4285	20344	710	4397
OTU_136	158	1760	206	94	594	926	1016	1123	11	373
OTU_13	4586	24752	4486	75595	74679	11661	11296	727	402	2173
OTU_130	239	3829	3343	12	336	1215	3003	4239	313	376
OTU_419	199	120	155	41	22	313	105	217	102	153
OTU_47	840	498	33	76	822	2355	1004	2098	169	206
OTU_155	4	6	12	4	0	0	1	1	1783	2
OTU_183	202	2651	264	2	79	2465	285	751	620	307
OTU_81	137	39	185	29	311	786	263	568	6	131
OTU_207	133	292	114	82	135	399	159	1678	78	178
OTU_229	476	26	187	317	118	6	79	3	70	25
OTU_85	768	7385	1028	276	538	3476	2420	8436	336	2402
OTU_290	137	33	58	0	51	742	53	34	815	56
OTU_120	1137	3131	2131	1062	4423	3596	1398	4045	8301	3101
OTU_147	707	777	1263	396	2409	448	2822	492	2426	3357
OTU_518	927	635	1614	662	591	291	177	1591	11	1277
OTU_348	6	404	14	1	16	1276	91	262	963	20
OTU_128	854	403	2742	58	125	789	343	2509	19	811
OTU_292	448	191	780	782	436	282	438	379	232	510
OTU_24	904	75078	22391	3084	3074	34916	220447	7136	1002	8796
OTU_200	916	822	1492	1772	1488	1213	409	2252	311	1033
OTU_243	278	1934	182	84	125	193	636	2203	230	433
OTU_36	430	1300	253	158	505	770	834	2680	38	1164
OTU_538	377	316	412	371	512	102	104	420	111	453
OTU_315	486	5441	851	148	434	3021	1850	6829	210	1742
OTU_562	505	253	30	1	6	39	68	55	87	151
OTU_549	44	12	0	73	18	1	125	27	2	62
OTU_230	218	1879	187	134	251	234	766	1887	136	449
OTU_29	72	6	10	5171	3046	1	11	1401	6500	10
OTU_365	300	1034	241	68	280	2137	351	469	16	591
OTU_604	103	253	10	886	776	5	68	43	36	298
OTU_87	247	1796	818	388	1059	1035	193	679	28	321
OTU_7	12	27	18	5	13	22	21	22	30	6
OTU_153	295	844	165	104	295	489	589	1810	23	751
OTU_575	185	112	18	62	83	221	34	115	150	196
OTU_32	130	400	303	59	123	457	209	1026	27	197
OTU_349	495	368	0	1	1	0	27	1	7	119
OTU_176	233	340	1336	106	411	21	65	46	21	248
OTU_360	84	217	234	6	116	3179	216	89	980	102
OTU_590	122	39	309	86	137	213	53	76	359	182
OTU_289	324	240	106	6	271	334	186	476	16	331
OTU_397	154	28	386	5	42	1	26	0	0	6
OTU_70	832	807	1343	855	752	1334	314	2453	353	703
OTU_503	217	273	390	156	109	629	75	572	113	210
OTU_179	127	190	860	11	136	370	117	839	56	318
OTU_69	32	10	14	3	2	47	7	4	1519	40
OTU_283	22	57	1519	12	4	69	24	14	98	88
OTU_143	86	6	1	182	136	370	225	40	411	31
OTU_84	432	1744	2554	97	449	1237	599	2447	341	743
OTU_596	120	582	1023	163	263	35	75	31	9	138
OTU_164	772	1957	408	35	353	836	2493	1713	17	1434
OTU_192	186	991	864	34	184	1427	282	610	106	404
OTU_109	117	75	2566	63	286	273	10	106	2988	135
OTU_204	141	7	4	11	12	10	32	27	33	69
OTU_180	63	32	773	62	349	5	983	7585	15	63
OTU_144	874	366	96	160	362	454	470	742	92	754
OTU_322	225	386	1297	23	163	327	145	1376	96	548
OTU_106	136	218	1608	432	381	141	108	63	221	325
OTU_506	28	19	3	22	12	74	6	14	2104	5
OTU_223	144	691	167	156	354	712	124	419	164	138
OTU_161	525	3	14	1	2	223	122	993	3	415
OTU_122	284	175	1979	20	9	164	71	33	26	170
OTU_40	1430	160	0	456	441	400	79	1353	7	39
OTU_216	159	0	0	11	8	1	0	0	0	0
OTU_350	132	74	66	47	73	218	49	49	4	47
OTU_351	103	100	200	48	19	104	84	157	180	151
OTU_225	157	2590	2151	11	211	764	1869	2728	214	220
OTU_60	23	181	25	7	12	91	51	190	5	62
OTU_319	62	130	467	2	139	806	173	40	77	37
OTU_545	43	11	16	7	4	22	5	7	785	14
OTU_219	189	162	253	513	712	1491	346	439	927	106
OTU_152	117	38	80	1	10	20	31	557	7	29
OTU_439	562	164	18	128	89	460	123	273	2498	111
OTU_163	58	1	2	10	146	88	3	0	4006	11
OTU_275	237	155	18	1102	624	257	29	76	122	115
OTU_346	310	79	139	7	158	1634	90	70	1768	122
OTU_133	61	282	293	4	28	68	16	962	12	60
OTU_213	228	17	0	251	174	193	10	91	5	64
OTU_338	17	9	3	1	147	225	13	6	2	10
OTU_511	22	6	4	16	11	4	12	5	13	7
OTU_78	64	493	298	15	73	507	308	1031	68	283
OTU_168	352	97	1297	126	253	64	65	20	38	352
OTU_58	271	587	11411	120	226	163	101	708	636	300
OTU_245	90	243	76	73	35	447	47	1551	10	56
OTU_220	627	545	1003	48	544	622	433	3350	818	843
OTU_434	27	15	77	34	109	27	5	27	2	35
OTU_140	131	107	61	44	26	29	65	181	284	367
OTU_548	174	30	0	13	46	380	7	55	1	32
OTU_10	75	215	233	343	106	83	106	128	444781	71
OTU_330	208	505	2338	208	229	227	141	105	380	359
OTU_237	676	16	30	117	744	123	292	600	2	74
OTU_298	276	455	2082	267	365	69	97	16	33	142
OTU_104	22	17	5	3159	1623	29	74	1058	11852	11
OTU_272	62	6	0	3	129	115	23	8	836	71
OTU_44	185	57	140	0	98	1275	65	42	1379	94
OTU_462	111	5	4	240	173	472	348	41	559	35
OTU_132	71	169	149	3	64	4310	149	62	640	53
OTU_177	63	43	28	2	12	630	358	30	1510	106
OTU_63	89	132	5566	37	77	143	35	24	129	313
OTU_498	65	499	38	29	110	370	358	393	7	100
OTU_167	90	42	29	9	14	270	93	513	16	51
OTU_276	20	5	14	4	1	108	2	1	1503	6
OTU_438	53	70	24	16	38	237	57	251	475	114
OTU_500	83	6	6	34	49	80	3	5	5	19
OTU_182	18	21	54	13	51	262	2	24	5044	90
OTU_398	189	2134	233	15	143	1403	585	1700	23	391
OTU_353	325	1570	906	1335	1247	746	1351	947	15	535
OTU_556	62	16	280	417	803	62	9	24	37	476
OTU_306	41	27	316	8	74	69	43	38	2	214
OTU_305	112	134	250	18	60	195	95	212	39	61
OTU_488	205	304	233	52	527	1105	582	402	2833	296
OTU_67	50	383	450	2	80	306	225	631	81	75
OTU_393	138	26	1809	272	899	14	16	4	7	96
OTU_38	156	55	107	30	180	67	179	36	30	86
OTU_287	98	70	571	26	250	182	7	63	2971	72
OTU_279	192	158	67	353	192	242	173	432	19	580
OTU_373	130	120	267	427	410	535	102	932	35	593
OTU_405	28	201	10	81	41	38	10	409	3	89
OTU_73	277	44	431	1	215	1470	35	0	18	166
OTU_17	307	4272	455	7	155	3975	483	1228	998	470
OTU_482	310	36	1	242	708	1265	333	4	7	39
OTU_592	41	7	55	1	42	170	64	2095	5	142
OTU_51	18	49	6454	9	28	48	8	77	941	88
OTU_239	208	635	506	61	170	651	348	1564	47	279
OTU_278	47	397	14	10	152	131	36	239	187	27
OTU_62	37	36	210	7	67	229	62	151	841	41
OTU_86	51	522	7	5	43	78	6	5108	11	25
OTU_484	43	53	210	10	161	86	106	50	43	27
OTU_497	7	0	1	10	2	4	1	2	3	4
OTU_331	100	124	112	121	305	62	28	118	2	65
OTU_560	42	15	379	17	152	7	19	7	1026	26
OTU_259	164	79	466	2	182	1469	48	45	448	59
OTU_318	54	83	379	1	8	260	5	55	104	77
OTU_201	156	5	0	3	0	72	30	1	28	43
OTU_203	3	2	14	5	18	262	3	8	3591	17
OTU_34	111	116	1073	83	48	185	105	405	13	50
OTU_569	146	404	299	32	662	1310	258	145	28	279
OTU_384	380	770	824	605	537	896	268	272	66	428
OTU_123	47	13	19	3220	307	19	8	1	3	9
OTU_547	171	198	12	119	193	396	338	407	13	58
OTU_196	28	32	1326	35	41	64	56	105	9	15
OTU_344	84	137	5116	55	98	111	57	27	120	306
OTU_41	211	1749	966	50	216	1140	324	987	110	906
OTU_50	26	52	2	980	532	93	3437	354	3375	88
OTU_550	137	0	1	0	0	5	0	0	2	0
OTU_2	54	63	69	42	72	83	60	122	180	43
OTU_467	10	90	22	0	0	19	94	1289	4	3
OTU_234	142	335	209	69	139	844	381	714	71	118
OTU_68	10	12	65	1	35	63	8	11	118	16
OTU_522	109	115	9	0	213	84	216	31	66	72
OTU_108	37	0	3	19	27	4	10	10	0	9
OTU_135	17	0	0	0	0	6	1	5	248	27
OTU_115	100	45	249	3	12	3278	157	0	2440	259
OTU_371	33	89	91	1	148	513	234	214	9	44
OTU_400	43	105	2192	13	22	47	35	14	34	93
OTU_524	133	713	700	29	185	1105	212	452	81	348
OTU_452	174	211	46	181	142	206	153	327	26	568
OTU_486	119	39	3	82	56	101	795	62	648	27
OTU_102	1	30	5	4	3	1404	4	202	3651	96
OTU_551	32	0	0	0	29	283	6	0	65	2
OTU_389	98	383	453	25	440	1175	218	109	3229	596
OTU_304	8	1	2	12	8	84	1	1	2527	2
OTU_280	80	143	946	237	218	80	66	17	121	184
OTU_417	136	349	11	369	425	7	81	57	39	374
OTU_169	73	698	464	19	392	391	57	2415	78	296
OTU_131	17	48	48	2	27	315	13	90	2828	76
OTU_5	82	239	233	331	94	85	110	136	452719	89
OTU_107	4	1	1	4536	629	0	0	2	4	13
OTU_46	72	227	2915	3	25	23	19	302	11	69
OTU_399	22	5	24	144	69	2	81	5	60	9
OTU_339	57	464	15	6	56	80	7	4992	12	35
OTU_100	19	47	0	1	0	41	15	50	779	180
OTU_366	32	202	209	1	6	158	154	990	6	684
OTU_43	52	159	2192	117	141	106	85	34	258	399
OTU_263	119	588	411	146	801	449	152	389	12	203
OTU_473	2	3	5	0	1	6	1	0	0	4
OTU_181	31	51	355	13	17	185	5	7	5057	189
OTU_464	17	83	2	33	52	61	28	38	330	62
OTU_79	120	152	116	94	57	940	785	404	10	902
OTU_424	13	565	54	0	0	145	5	1	175	70
OTU_594	9	0	0	11	7	71	0	0	62	1
OTU_428	26	65	203	3	159	2402	0	8	1969	143
OTU_221	9	46	109	3	90	0	39	2	5	49
OTU_21	47	24	9	5480	2667	56	137	1696	19167	10
OTU_357	37	13	734	7	39	4	15	9	6	508
OTU_197	35	17	21	0	12	210	14	19	2640	7
OTU_166	63	46	211	3	70	1225	60	122	602	83
OTU_445	13	16	1	42	253	262	36	1	7	5
OTU_37	31	2171	5	64	186	3	30	326	9	68
OTU_271	15	118	2245	7	1	49	33	10	33	171
OTU_264	57	23	204	119	74	60	46	15	6	108
OTU_64	44	31	163	60	248	780	814	55	97	52
OTU_185	16	345	1	1	45	177	165	266	0	10
OTU_121	63	64	272	1766	1059	42	211	52	195	1195
OTU_422	19	7	3	52	33	8	7	2	2890	4
OTU_254	132	558	253	808	479	327	182	774	56	504
OTU_576	12	1	11	2	47	27	0	0	0	5
OTU_504	37	53	5	539	314	66	5545	167	1770	74
OTU_469	63	256	200	3	81	236	30	934	110	210
OTU_410	3	11	1	6	2	7	1	13	50	21
OTU_170	24	19	1073	0	0	62	14	30	495	0
OTU_148	72	16	56	7	58	629	27	15	390	41
OTU_218	36	2	0	1	0	20	0	1	17	5
OTU_12	6	3	9	663	1738	7	6	334	32550	112
OTU_214	36	438	18	52	61	99	51	199	5	64
OTU_337	7	0	1169	1	0	6	0	1	21	0
OTU_57	42	35	98	14	56	429	5	42	8259	139
OTU_242	2	139	0	219	83	156	0	118	451	40
OTU_250	32	49	47	6	4	39	43	105	50	116
OTU_191	89	103	95	4	37	712	52	552	3485	286
OTU_561	7	26	0	0	0	0	265	3	1	303
OTU_606	34	14	0	0	9	77	2	5	88	3
OTU_141	10	0	0	4058	438	1	0	0	10	1
OTU_372	46	170	698	32	146	35	58	19	6	88
OTU_546	23	221	23	543	253	451	22	182	934	68
OTU_414	34	10	2	13	19	0	17	7	0	8
OTU_312	51	72	852	35	163	107	11	85	2321	109
OTU_336	44	4	74	84	87	6	5	20	9	32
OTU_246	5	14	2901	5	16	19	3	32	437	36
OTU_563	5	5	19	0	0	455	0	0	128	61
OTU_435	8	8	1	589	386	3	10	143	624	5
OTU_30	33	50	64	16	28	774	13	51	15795	9
OTU_585	13	44	0	5	1	16	94	10	34	6
OTU_188	3	3	0	0	0	0	4	0	19	2
OTU_116	38	41	211	36	255	146	50	56	408	100
OTU_396	13	53	1448	3	127	9	819	5	8	491
OTU_369	42	16	807	27	124	3	5	8	1	88
OTU_607	12	75	1562	3	4	42	15	9	22	126
OTU_238	15	33	49	9	18	524	10	25	10511	11
OTU_356	44	25	52	7	16	8	9	96	22	150
OTU_252	41	37	79	52	37	24	12	86	138	69
OTU_75	14	3	2	12	4	0	2	2	3270	1
OTU_83	14	1	3	10	105	38	0	0	3268	0
OTU_418	5	13	1	3	24	300	4227	164	39	12
OTU_228	20	31	206	0	0	130	6	16	21	10
OTU_65	23	5	2964	11	55	168	4	6	28	84
OTU_71	3	1378	7	3	19	123	652	100	2880	3
OTU_425	4	3	2	18	69	0	3	0	1947	6
OTU_533	31	25	917	2	79	63	11	8	1002	88
OTU_404	8	0	18	2	1	10	4	7	1	6
OTU_310	55	60	1818	11	8	52	32	2	172	210
OTU_293	55	74	102	10	178	33	251	43	189	215
OTU_406	1	2	48	1	0	1	9	6	3	6
OTU_296	4	0	1	17	47	1	0	0	707	0
OTU_307	15	36	110	1	80	421	15	22	1678	160
OTU_379	19	1	0	18	12	0	7	6	8	14
OTU_282	75	447	650	11	35	750	167	1166	7	924
OTU_478	19	195	115	3	9	225	14	491	786	524
OTU_587	37	20	12	31	93	527	12	21	5426	18
OTU_377	12	17	26	1	337	634	72	7	75	17
OTU_517	46	13	42	110	67	332	2	53	22	17
OTU_521	14	12	28	0	21	31	5	8	70	18
OTU_383	2	4	142	0	0	6	7	3	5	16
OTU_520	3	1	24	1	46	82	2	6	424	6
OTU_74	2	2	2	6	1	0	7	2	7978	1
OTU_571	19	1	0	1	15	0	2	0	0	0
OTU_241	24	19	171	0	203	36	563	626	11	2
OTU_126	5	2	1	2956	1792	2	1	1	17	0
OTU_174	13	20	6	1305	871	7	23	358	1757	15
OTU_491	6	0	0	2060	1338	0	0	1	8	0
OTU_485	16	0	0	2251	841	1	0	1	5	0
OTU_515	16	1509	6	48	108	6	32	231	1	40
OTU_386	47	66	34	112	93	118	93	110	20	19
OTU_343	1	0	3	0	1	1	0	0	82	0
OTU_95	5	42	194	2	648	2429	39	7	69	64
OTU_265	28	1	5	3748	2447	2	5	1051	4944	2
OTU_129	12	12	12	1	2	3	10	8	1	5
OTU_530	5	1	1	4383	567	1	1	2	5	18
OTU_178	5	77	2	22	10	1589	0	810	3774	45
OTU_481	3	2	7	0	1	6	5	4	72	10
OTU_286	2	3	0	3	1	1	3	1	4898	0
OTU_394	4	4	17	1	30	1	0	0	0	21
OTU_194	13	42	123	0	66	79	47	1744	22	209
OTU_523	19	49	298	96	67	73	20	8	11	63
OTU_94	4	9	6	9	2	12	13	3	13470	2
OTU_364	1	2	1	1	0	1	2	0	2976	1
OTU_443	8	13	2	807	553	7	13	256	1081	9
OTU_59	5	152	209	1	7	58	14	12	3	51
OTU_554	6	17	1	48	38	59	38	65	58	81
OTU_367	2	28	0	0	566	3	1	4	0	7
OTU_429	17	185	226	0	0	38	3	96	8	8
OTU_436	4	29	83	1	45	543	2	8	1340	8
OTU_39	4	2	0	2	10	1	0	2	1331	0
OTU_195	9	2	0	4305	768	1	0	3	9	0
OTU_332	13	689	0	5	0	7	3	50	18	18
OTU_162	9	1	0	0	44	151	1	2	1770	6
OTU_468	7	1	4	679	123	0	34	1	11	27
OTU_151	1	0	4	6	8	0	0	2	7411	0
OTU_573	7	2	0	731	487	11	0	1	2474	1
OTU_173	13	6	48	24	10	11	9	5	465	8
OTU_456	8	4	3	11	23	10	1	20	4	7
OTU_26	4	2	2	4	24	16	3	11	7135	41
OTU_415	8	67	4	237	865	6	27	106	3	9
OTU_580	4	0	3	19	20	38	22	0	0	3
OTU_597	1	1	0	0	0	1	0	0	972	0
OTU_255	4	2	0	5	3	5	2	2	3598	0
OTU_294	4	11	1	1	2	32	3	1	1997	0
OTU_231	7	1839	525	24	91	2141	2251	1209	74	458
OTU_316	1	0	0	1	0	0	1	0	3623	0
OTU_505	4	4	1	0	2	41	1	1	2321	0
OTU_56	6	6	23	2	4	3	3	2	10276	8
OTU_233	1	253	1	0	1	21	55	255	0	5
OTU_413	9	2	61	1	14	11	4	3	49	8
OTU_363	15	52	390	14	15	51	13	21	12	22
OTU_557	1	304	3	0	0	18	53	308	2	18
OTU_235	2	5	1	13	23	1	2	1	5307	0
OTU_395	1	569	1	0	17	48	98	298	238	45
OTU_248	1	26	4	1	1	28	1	2	842	35
OTU_507	20	5	52	2	11	78	5	5	16	31
OTU_299	12	3	485	0	4	5	2	0	13	4
OTU_288	8	0	2	0	0	0	0	0	0	0
OTU_210	5	1	1	1902	9	0	1	0	2	0
OTU_172	5	31	63	0	77	110	12	25	6	21
OTU_96	11	27	1	4	26	286	4962	201	55	8
OTU_427	4	10	88	17	2	26	8	13	95	34
OTU_156	7	118	0	4	265	1164	1086	1503	43	22
OTU_358	4	10	17	1	2	153	0	2	3263	114
OTU_124	1	2	0	10	2	1	0	1	46	4
OTU_227	4	4	21	480	248	0	8	4	9	178
OTU_368	3	0	0	13	6	53	0	18	43	5
OTU_189	4	0	0	0	4	106	0	1	826	0
OTU_495	1	1	5	45	87	0	7	1	11	11
OTU_502	1	1	17	1	2	11	5	2	3	14
OTU_483	10	31	1	16	5	11	11	48	30	26
OTU_450	7	6	13	7	38	7	2	2	41	12
OTU_345	8	0	0	0	0	0	0	0	0	0
OTU_311	1	0	1	1	2	6	0	0	3087	1
OTU_516	1	63	1	0	0	69	10	214	33	62
OTU_303	14	2	2	11	17	57	8	20	359	14
OTU_463	9	0	0	6	1	14	2	0	31	2
OTU_72	2	4	2	6	0	5	2	3	7241	1
OTU_27	2	5	4	3	7	8	5	8	13	1
OTU_66	2	1	3	12	1	3	0	2	9718	1
OTU_54	1	1	2	4	2	2	0	1	6161	1
OTU_90	2	2	86	2	7	0	1	1	5846	42
OTU_28	6	1	3	8	0	0	4	1	9717	2
OTU_329	3	9	1	1	2	24	0	0	1836	0
OTU_542	1	1	2	1	0	1	0	0	4263	0
OTU_111	1	1	2	1	0	117	2	1	1342	1
OTU_142	4	4	21	0	2	12	3	9	98	22
OTU_541	3	6	4	225	557	4	2	124	11183	45
OTU_333	1	21	54	0	1	107	12	6	1	0
OTU_49	2	3	3	7	1	5	2	3	7519	2
OTU_114	1	4	7	352	916	8	5	184	18321	70
OTU_380	1	0	0	44	33	0	0	2	2	0
OTU_154	3	8	7	402	1133	6	5	253	22779	95
OTU_458	2	1	5	1	1	42	2	1	0	5
OTU_492	2	0	1	1	1	66	0	0	707	28
OTU_267	1	2	1	3	3	1	1	0	1804	0
OTU_442	2	0	1	0	1	0	0	0	0	7
OTU_490	2	1	18	0	0	28	0	14	9	67
OTU_446	1	1	0	0	8	20	0	0	257	29
OTU_226	1	0	0	0	0	1	2	0	1851	1
OTU_608	3	4	0	3	149	25	3	3	733	21
OTU_513	1	0	1	1	0	1	0	1	1100	3
OTU_137	1	1	6	4	4	4392	9061	2	18	2
OTU_190	1	0	0	2	0	0	17	0	0	0
OTU_205	1	4	1	1	0	162	1	0	5211	0
OTU_359	4	0	1	3	0	1	0	0	9	1
OTU_535	1	0	1	0	0	55	486	43	1	0
OTU_347	1	0	21	0	2	0	7	1	0	1
OTU_125	1	0	2	1	1	0	1	1	2969	0
OTU_460	2	25	57	10	16	3	0	0	2	1
OTU_479	1	140	0	1	28	55	95	263	204	58
OTU_113	1	0	0	1	0	1	0	0	3468	0
OTU_258	1	1	0	2	1	0	0	1	3090	0
OTU_61	1	0	0	2	2	20	0	1	378	2
OTU_31	1	2	3	1	2	3697	7605	4	27	1
OTU_99	1	10	2	0	0	1	14	1061	3	89
OTU_477	1	0	0	1	1	2	0	1	3005	0
OTU_328	1	1	3	1	0	0	0	1	3311	0
OTU_281	1	7	44	1	147	143	0	3	4041	46
OTU_222	1	1	0	3	0	14	0	0	1662	0
OTU_362	1	0	0	0	0	0	0	1	0	2
OTU_82	1	0	1	1	2	0	1	1	1337	0
OTU_277	2	3	4	3	1	8	0	3	7035	2
OTU_77	1	2	1	3	0	2	0	2	9127	0
OTU_92	1	2	1	2	0	1	0	0	2396	3
OTU_531	1	0	1	0	0	0	1	0	1116	0
OTU_18	1	1	2	8	0	3	1	0	9301	1
OTU_421	1	0	0	0	1	0	0	0	859	0
OTU_22	1	5	1	0	3	6	4	7	6	3
OTU_295	1	31	2	2	1	5	9	84	1881	5
OTU_285	1	0	0	0	30	730	2	0	13	0
OTU_42	1	0	0	1	2	64	0	0	266	0
OTU_602	1	7	2	2	0	2	0	35	7	20
OTU_284	0	1	0	0	1	11	0	2	394	0
OTU_391	0	6	0	0	2	1	0	2	767	9
OTU_340	0	80	3	34	2	614	7	3	1	1
OTU_583	0	1	1	5	0	0	0	0	3112	0
OTU_475	0	183	2	0	0	150	2	595	362	35
OTU_157	0	9	5	0	28	551	1	6	4	0
OTU_432	0	66	0	0	1	0	0	0	0	0
OTU_487	0	7	140	5	9	53	0	2	111	34
OTU_302	0	1	0	0	0	0	0	1	2451	0
OTU_354	0	14	43	1	25	13	2	6	0	81
OTU_433	0	59	0	0	0	1	0	9	0	60
OTU_599	0	2	1	23	30	3	3	0	2379	4
OTU_52	0	7	7	9	4	12	2	3	13584	2
OTU_33	0	2	0	0	1	0	1	3	3708	0
OTU_577	0	3	0	1	2	2	34	0	2071	0
OTU_408	0	1	1	0	0	3	0	1	1081	1
OTU_112	0	1	1	4	1	0	8	1	6211	10
OTU_381	0	2	0	0	0	0	0	0	0	0
OTU_512	0	1	4	0	0	2	0	0	2290	2
OTU_589	0	1	15	3	1	8	0	0	2240	0
OTU_175	0	2	2	2	14	93	0	1	3235	0
OTU_528	0	4	4	4	4	12	0	0	773	11
OTU_260	0	1	0	0	0	0	0	0	475	0
OTU_117	0	4	2	3	3	63	1	1	2515	0
OTU_80	0	2	1	2	0	2	1	1	5575	0
OTU_375	0	1	0	0	0	0	0	0	142	0
OTU_529	0	1	1	0	1	2	1	0	2366	6
OTU_459	0	12	33	13	4	0	1	0	0	17
OTU_240	0	1	2	4	1	0	1	2	5023	0
OTU_184	0	1	2	0	0	1	0	0	301	0
OTU_588	0	1	2	2	1	0	1	0	1803	0
OTU_93	0	1	0	0	0	6	0	2	2882	3
OTU_392	0	1	0	1	0	0	0	0	1395	0
OTU_543	0	3	3	3	1	1	1	1	5614	1
OTU_451	0	1	0	0	2	2	0	0	311	0
OTU_376	0	1	3	2	0	1	0	1	3883	0
OTU_605	0	2	1	0	1	2	1	2	5	1
OTU_160	0	2	2	2	23	329	1	3	5035	3
OTU_566	0	5	47	0	5	52	6	5	5	0
OTU_444	0	1	0	0	0	0	0	2	1055	0
OTU_527	0	2	2	0	2	25	0	0	727	0
OTU_324	0	2	1	1	0	1	2	0	5060	0
OTU_198	0	2	1	0	1	1	0	0	2570	0
OTU_449	0	1	0	0	0	0	0	0	37	0
OTU_387	0	1	2	2	1	6	1	0	3363	0
OTU_374	0	1	1	0	0	12	0	0	467	0
OTU_300	0	2	0	2	0	0	1	1	4104	1
OTU_440	0	1	0	0	0	177	0	0	0	0
OTU_510	0	2	1	2	0	3	0	2	4270	1
OTU_584	0	2	0	0	0	1	1	0	1611	0
OTU_420	0	1	1	1	0	0	0	0	1829	1
OTU_370	0	0	931	0	0	1	0	0	2	0
OTU_171	0	0	71	0	7	1	0	0	1	0
OTU_325	0	0	16	0	1	1	0	0	1	3
OTU_159	0	0	99	4	5	2	1	1	4098	62
OTU_118	0	0	6	0	0	0	0	0	0	0
OTU_256	0	0	30	0	10	1	0	2	1	18
OTU_388	0	0	2	0	1	2	0	0	358	0
OTU_45	0	0	2	1	0	18	0	0	583	0
OTU_537	0	0	14	3	0	6	1	1	1087	0
OTU_441	0	0	2	0	3	3	0	0	1368	1
OTU_89	0	0	3	0	0	0	0	0	1	0
OTU_501	0	0	1	0	2	0	1	0	0	2
OTU_217	0	0	1	1	0	2	6	0	3353	1
OTU_426	0	0	1	2	11	179	0	0	2287	0
OTU_385	0	0	24	0	0	0	0	0	0	0
OTU_313	0	0	7	0	0	1	0	1	10	0
OTU_534	0	0	1	1	0	22	0	2	1139	1
OTU_119	0	0	9	0	4	13	0	0	103	2
OTU_536	0	0	1	1	0	2	0	1	658	1
OTU_266	0	0	1	3	0	1	0	0	1633	0
OTU_447	0	0	9	0	0	0	0	0	88	0
OTU_334	0	0	1	0	0	5	0	0	19	0
OTU_378	0	0	3	1	0	16	0	0	718	1
OTU_496	0	0	1	0	0	8	0	0	29	0
OTU_355	0	0	1	1	0	1	2	0	2156	1
OTU_455	0	0	2	1	0	1	0	1	1628	0
OTU_253	0	0	1	1	0	2	0	0	183	0
OTU_461	0	0	1	0	110	0	56	12	34	0
OTU_489	0	0	2	0	1	1	0	0	356	0
OTU_494	0	0	1	0	0	1	5	0	482	0
OTU_186	0	0	1	0	1	2	1	0	2964	0
OTU_559	0	0	1	0	0	3	0	0	650	0
OTU_595	0	0	0	27	12	0	0	0	0	0
OTU_609	0	0	0	7	2	0	0	0	0	0
OTU_297	0	0	0	3	0	0	0	0	1825	0
OTU_342	0	0	0	2	0	0	1	1	2487	0
OTU_269	0	0	0	9	5	0	0	0	984	0
OTU_165	0	0	0	3	1	3	2	1	4105	0
OTU_555	0	0	0	2	0	0	0	0	762	0
OTU_149	0	0	0	1	26	0	0	0	0	0
OTU_224	0	0	0	3	9	2	1	2	774	3
OTU_35	0	0	0	1	19	256	1	1	4158	2
OTU_327	0	0	0	1	0	0	0	1	4015	0
OTU_416	0	0	0	1	1	21	0	2	639	0
OTU_187	0	0	0	3	0	0	0	0	842	0
OTU_247	0	0	0	1	0	0	0	0	4	2269
OTU_158	0	0	0	1	0	4	2	8	16	0
OTU_578	0	0	0	1	0	0	0	0	454	0
OTU_202	0	0	0	2	0	1	0	1	2490	0
OTU_540	0	0	0	1	0	99	0	0	648	0
OTU_591	0	0	0	1	0	0	0	0	594	0
OTU_603	0	0	0	1	0	90	1	0	1398	0
OTU_206	0	0	0	1	0	41	0	0	1476	0
OTU_470	0	0	0	0	3	0	0	0	0	0
OTU_448	0	0	0	0	23	0	0	0	0	0
OTU_361	0	0	0	0	11	0	371	12	40	0
OTU_335	0	0	0	0	1	2	0	0	2300	0
OTU_268	0	0	0	0	11	0	0	0	0	0
OTU_249	0	0	0	0	3	0	0	0	0	0
OTU_499	0	0	0	0	1	0	0	0	118	0
OTU_326	0	0	0	0	4	0	0	0	6	0
OTU_244	0	0	0	0	1	2	1	0	1443	0
OTU_55	0	0	0	0	3	0	0	0	0	0
OTU_409	0	0	0	0	0	6	0	0	13	0
OTU_565	0	0	0	0	0	16	0	1	245	0
OTU_199	0	0	0	0	0	5	0	0	7	0
OTU_308	0	0	0	0	0	2	0	0	6	0
OTU_471	0	0	0	0	0	12	0	0	11	0
OTU_582	0	0	0	0	0	2	0	1	865	0
OTU_48	0	0	0	0	0	2	0	0	76	0
OTU_251	0	0	0	0	0	23	0	0	19	0
OTU_309	0	0	0	0	0	6	1	0	408	0
OTU_474	0	0	0	0	0	2	0	0	150	0
OTU_600	0	0	0	0	0	6	1	0	542	0
OTU_532	0	0	0	0	0	8	0	0	692	0
OTU_274	0	0	0	0	0	5	0	0	256	0
OTU_579	0	0	0	0	0	3	0	0	167	0
OTU_466	0	0	0	0	0	2	0	0	14	0
OTU_558	0	0	0	0	0	5	0	0	471	0
OTU_514	0	0	0	0	0	2	0	0	0	0
OTU_519	0	0	0	0	0	4	0	0	759	0
OTU_53	0	0	0	0	0	1	0	0	205	0
OTU_236	0	0	0	0	0	1	0	0	98	0
OTU_480	0	0	0	0	0	1	0	0	898	0
OTU_553	0	0	0	0	0	1	0	0	297	0
OTU_453	0	0	0	0	0	0	238	0	2	0
OTU_598	0	0	0	0	0	0	5	0	1027	0
OTU_403	0	0	0	0	0	0	0	1	764	0
OTU_103	0	0	0	0	0	0	0	0	558	0
OTU_581	0	0	0	0	0	0	0	0	451	1
OTU_150	0	0	0	0	0	0	0	0	1391	0
OTU_91	0	0	0	0	0	0	0	0	134	0
OTU_476	0	0	0	0	0	0	0	0	226	0
OTU_509	0	0	0	0	0	0	0	0	189	0
OTU_390	0	0	0	0	0	0	0	0	579	0
OTU_457	0	0	0	0	0	0	0	0	158	0
OTU_493	0	0	0	0	0	0	0	0	183	0
OTU_601	0	0	0	0	0	0	0	0	237	0
OTU_508	0	0	0	0	0	0	0	0	92	0
OTU_352	0	0	0	0	0	0	0	0	1144	0
OTU_525	0	0	0	0	0	0	0	0	154	0
OTU_454	0	0	0	0	0	0	0	0	174	0
OTU_564	0	0	0	0	0	0	0	0	122	0
OTU_423	0	0	0	0	0	0	0	0	110	0
OTU_320	0	0	0	0	0	0	0	0	115	0
OTU_570	0	0	0	0	0	0	0	0	172	0
OTU_465	0	0	0	0	0	0	0	0	66	0
OTU_412	0	0	0	0	0	0	0	0	2	0
OTU_291	0	0	0	0	0	0	0	0	44	0
OTU_472	0	0	0	0	0	0	0	0	63	0
OTU_539	0	0	0	0	0	0	0	0	156	0
OTU_574	0	0	0	0	0	0	0	0	15	0
OTU_586	0	0	0	0	0	0	0	0	49	0
OTU_552	0	0	0	0	0	0	0	0	14	0
OTU_134	0	0	0	0	0	0	0	0	29	0
OTU_431	0	0	0	0	0	0	0	0	51	0
OTU_572	0	0	0	0	0	0	0	0	6	0
OTU_211	0	0	0	0	0	0	0	0	7	0
OTU_411	0	0	0	0	0	0	0	0	11	0
OTU_401	0	0	0	0	0	0	0	0	8	0
OTU_301	0	0	0	0	0	0	0	0	13	0
OTU_430	0	0	0	0	0	0	0	0	2	0
OTU_382	0	0	0	0	0	0	0	0	7	0
OTU_215	0	0	0	0	0	0	0	0	9	0
OTU_323	0	0	0	0	0	0	0	0	3	0
OTU_76	0	0	0	0	0	0	0	0	0	2
OTU_437	0	0	0	0	0	0	0	0	0	2
