#OTU ID	sample1	sample8	sample3	sample5	sample7	sample4	sample2	sample6	sample9	sample10
OTU_57	900	0	1	418	54	0	1	417	1	0
OTU_294	52	0	0	0	0	0	0	0	0	0
OTU_32	5222	196	496	478	481	400	445	374	92	8
OTU_17	133	0	0	0	0	0	0	0	0	0
OTU_11	2189	513	9411	1206	1267	8020	8984	953	230	50
OTU_507	94	0	0	0	0	0	0	0	0	0
OTU_77	670	0	0	24	0	0	1	2	0	0
OTU_328	70	0	1	0	0	0	0	0	0	0
OTU_29	1884	161	12	1099	1093	0	63	320	4859	28
OTU_209	315	0	1	0	0	0	0	0	0	2
OTU_108	176	0	0	0	0	0	0	0	0	0
OTU_97	444	0	0	0	0	0	0	0	0	0
OTU_49	18	94	0	785	591	0	122	56	0	3
OTU_30	6115	144	4	280	0	0	224	80	35	12
OTU_296	38	0	0	0	0	0	0	0	0	0
OTU_226	95	0	0	0	0	0	0	0	0	0
OTU_274	150	0	0	3	46	0	0	1	0	0
OTU_193	518	0	9	0	0	0	0	0	0	0
OTU_298	84	0	0	0	29	0	0	0	0	0
OTU_7	500	0	1	0	0	0	0	0	0	2
OTU_302	106	0	0	0	0	0	0	0	0	0
OTU_335	23	0	0	0	0	0	0	18	0	0
OTU_178	233	0	0	0	0	0	0	0	0	0
OTU_384	142	0	0	0	0	0	0	0	0	0
OTU_169	5	1	0	0	0	0	0	0	1	0
OTU_51	1294	345	1051	824	873	942	1027	635	160	12
OTU_78	352	57	9	5	0	1	9	1	1	0
OTU_14	251	0	0	0	0	0	0	0	0	0
OTU_94	177	0	2	3	81	0	293	27	0	0
OTU_350	131	0	0	0	110	0	0	0	0	0
OTU_305	78	0	0	0	0	0	0	0	0	0
OTU_130	488	0	0	0	0	0	1	1	17	30
OTU_429	39	0	0	0	0	0	0	0	0	0
OTU_69	1	21	0	37	441	0	0	38	0	2
OTU_15	711	0	0	0	0	0	0	0	1	1
OTU_201	263	0	0	0	0	0	0	0	0	0
OTU_174	132	0	0	0	0	0	0	0	0	1
OTU_487	65	0	0	0	0	0	1	0	0	1
OTU_188	105	0	0	0	0	0	9	0	0	0
OTU_257	59	67	10	2	2	2	1	1	0	0
OTU_45	589	657	1	3	1	0	2	438	41	2
OTU_264	150	0	0	0	0	0	0	0	0	0
OTU_272	240	0	0	0	0	0	0	0	1	0
OTU_308	15	0	77	0	0	17	17	1	1	1
OTU_238	9	10	735	34	22	609	734	18	5	1
OTU_185	132	0	0	0	0	0	0	0	0	0
OTU_21	112	0	0	0	0	0	0	0	0	0
OTU_4	456	0	1	0	0	0	0	0	0	0
OTU_95	301	1	0	0	0	0	10	11	367	0
OTU_276	9	0	2	0	0	0	0	74	29	1
OTU_477	20	0	0	0	5	0	0	1	0	0
OTU_2	389	0	2	0	0	517	158	1	0	1
OTU_282	114	0	0	0	1	0	0	4	0	0
OTU_426	8	1	0	0	0	46	76	1	1	0
OTU_191	74	0	0	0	0	0	0	0	0	0
OTU_19	140	0	0	0	0	0	0	0	0	1
OTU_301	60	0	0	0	0	0	0	0	0	0
OTU_132	303	0	1	0	23	0	0	0	0	0
OTU_171	106	0	0	0	0	0	0	115	15	0
OTU_393	29	3	0	0	0	0	0	1	0	0
OTU_291	84	0	0	0	2	0	0	0	0	0
OTU_284	39	0	0	0	0	0	0	0	0	0
OTU_362	13	4	14	1	3	22	0	3	4	0
OTU_141	140	0	0	0	0	0	0	0	1	0
OTU_327	16	0	1	1	0	50	2	0	0	0
OTU_279	121	0	0	0	0	0	0	0	0	0
OTU_137	5	5	0	0	13	1	1	544	0	0
OTU_231	101	0	0	0	0	0	0	0	0	0
OTU_332	33	0	0	3	0	142	0	0	0	0
OTU_33	5	0	32	0	1	1	0	0	0	1
OTU_3	478	15	29	17	0	1	0	14	212	5
OTU_361	73	0	0	0	0	0	1	0	0	0
OTU_466	32	13	0	2	28	0	2	7	22	4
OTU_195	55	0	0	0	0	0	0	0	0	0
OTU_12	38	0	134	0	0	11	5	0	0	0
OTU_285	33	0	0	0	0	0	0	0	0	0
OTU_513	33	0	0	0	0	0	0	0	0	0
OTU_218	40	0	0	0	0	0	0	0	0	0
OTU_338	30	299	0	98	21	0	247	10	0	4
OTU_28	36	1	1	1	0	1	1	0	6	0
OTU_90	79	0	35	18	1	85	270	0	7	3
OTU_297	104	0	0	0	0	0	0	0	0	0
OTU_421	52	0	0	0	0	0	0	0	0	0
OTU_295	90	0	0	0	0	0	0	0	0	0
OTU_486	198	101	0	166	0	1	1232	45	13	2
OTU_155	151	0	0	0	0	0	0	0	0	0
OTU_439	12	0	0	0	0	0	143	0	29	0
OTU_418	5	0	0	0	0	18	1	0	1	0
OTU_277	97	0	0	0	0	4	0	0	0	0
OTU_288	119	0	0	0	0	0	0	0	0	0
OTU_187	101	0	96	8	15	13	17	22	0	11
OTU_482	21	0	0	0	0	0	9	0	0	0
OTU_357	17	0	0	4	4	0	0	68	0	0
OTU_24	117	0	0	0	0	0	1	0	0	0
OTU_388	83	0	0	0	1	0	6	0	0	0
OTU_275	61	0	0	0	5	0	2	6	0	0
OTU_415	30	0	0	0	0	0	0	0	0	1
OTU_158	18	0	0	0	35	0	0	226	0	0
OTU_119	57	2	3	0	0	0	1	555	0	2
OTU_70	39	0	1	0	983	0	0	0	0	0
OTU_309	65	0	0	0	0	0	0	0	0	0
OTU_423	72	0	0	0	28	0	0	0	0	0
OTU_348	37	0	0	0	5	0	0	8	0	0
OTU_365	45	65	0	0	22	0	11	3	0	4
OTU_300	53	0	0	0	0	0	0	0	0	0
OTU_56	3	25	4	573	482	246	92	0	55	2
OTU_23	6	0	2	0	0	63	0	0	0	0
OTU_441	16	0	0	0	0	0	0	0	0	0
OTU_10	55	0	93	0	0	102	56	1	0	1
OTU_436	21	0	0	31	14	2	4	0	0	0
OTU_74	6	0	0	0	0	0	0	0	0	0
OTU_278	57	0	0	0	0	0	0	0	0	0
OTU_81	13	13	0	840	0	0	16	107	9	0
OTU_96	12	0	0	0	0	0	0	0	0	0
OTU_420	61	0	0	3	121	0	13	36	0	0
OTU_66	5	48	1	456	136	0	111	69	0	8
OTU_293	40	0	0	0	110	0	0	3	0	0
OTU_510	24	0	0	0	0	0	0	0	0	0
OTU_26	4	3	3	1	2	6	4	5	0	5
OTU_313	28	0	1	0	0	0	0	0	0	0
OTU_229	18	0	0	1	1	128	5	2	0	0
OTU_73	28	12	59	21	19	44	4	12	8	0
OTU_304	12	0	0	0	0	0	0	0	0	0
OTU_38	8	936	35	412	730	1039	160	628	1632	30
OTU_198	25	5	0	6	18	0	0	25	1	1
OTU_104	13	1	2	95	5	1	129	111	112	1
OTU_37	2	4	2	1	0	2	2	1	1	1
OTU_501	24	0	0	0	0	0	0	0	0	0
OTU_63	21	0	0	0	0	0	0	0	0	0
OTU_500	14	0	0	16	48	0	1	34	0	0
OTU_22	76	0	0	0	0	0	0	0	0	0
OTU_474	7	1	0	0	0	0	0	0	23	0
OTU_114	7	0	1	195	0	0	0	0	0	0
OTU_444	3	0	0	0	73	0	0	0	0	1
OTU_235	18	4	1	0	0	0	0	0	222	0
OTU_269	8	1	0	7	16	2	73	3	25	0
OTU_230	6	56	0	0	43	0	4	34	0	59
OTU_375	6	0	0	0	0	0	0	0	0	0
OTU_468	19	0	0	7	0	0	0	0	0	0
OTU_34	41	0	0	0	0	0	0	0	0	1
OTU_344	11	0	2	0	0	38	147	1	1	1
OTU_72	6	0	0	0	0	0	0	0	0	0
OTU_400	5	0	0	0	0	0	0	1	8	0
OTU_311	6	0	0	0	0	0	0	0	0	0
OTU_251	4	7	0	0	7	0	9	1	61	0
OTU_76	9	0	0	0	53	0	0	108	0	0
OTU_200	8	11	14	9	73	0	95	79	3	29
OTU_89	6	0	0	0	0	0	0	0	0	0
OTU_52	2	1	0	0	0	0	2	0	0	7
OTU_452	4	1	0	0	3	0	65	0	0	0
OTU_405	4	10	0	11	30	0	6	15	0	0
OTU_161	7	0	0	0	0	0	0	0	0	0
OTU_448	7	0	1	1	0	15	18	0	0	0
OTU_186	4	0	0	0	0	0	0	0	1	0
OTU_442	3	0	0	0	0	0	49	0	0	0
OTU_162	2	19	0	122	70	1	7	27	0	0
OTU_256	1	0	1	0	0	2	0	1	0	0
OTU_497	21	1	0	10	1	0	45	3	1	0
OTU_128	7	0	0	213	0	0	2	0	0	0
OTU_1	2	0	1	0	0	1	0	0	1	1953
OTU_351	5	0	13	0	0	126	0	0	1	0
OTU_511	5	0	1	0	52	0	0	1	0	0
OTU_463	2	18	1	0	0	0	0	0	0	407
OTU_250	5	0	0	0	1	0	0	64	0	0
OTU_355	1	0	0	0	1	0	0	112	0	0
OTU_44	1	0	18	0	0	0	7	0	0	0
OTU_172	3	0	0	0	0	0	0	0	0	0
OTU_40	1	2899	2	414	1	1	0	524	2	2
OTU_360	2	0	0	0	2	0	0	0	0	0
OTU_316	2	0	0	0	0	0	0	81	0	1
OTU_84	1	0	1	0	0	1	0	1	0	515
OTU_424	3	1	0	0	4	1	6	0	20	0
OTU_489	2	40	0	2	2	0	0	20	0	5
OTU_286	2	0	1	4	252	1	0	4	0	1
OTU_352	8	0	0	0	0	0	9	18	0	0
OTU_461	5	0	0	0	0	0	39	0	0	0
OTU_91	2	0	0	0	160	0	0	134	3	0
OTU_422	1	13	0	0	100	0	0	3	0	0
OTU_101	1	27	0	2	69	0	0	505	0	1
OTU_403	2	1	55	0	1	38	18	0	0	1
OTU_20	2	0	99	0	0	0	0	0	0	0
OTU_220	2	0	1	0	0	0	0	0	0	0
OTU_347	1	0	1	0	1	2	0	1	0	1
OTU_333	1	125	0	0	1	0	0	0	0	1
OTU_36	2	1	3622	0	0	8	8	1	1	4
OTU_75	1	0	523	0	0	108	1	0	0	0
OTU_138	1	0	0	373	0	0	2	0	1	0
OTU_139	1	0	241	0	1	135	6	0	0	0
OTU_175	1	0	95	0	0	3	0	0	0	0
OTU_55	1	0	0	228	32	450	0	0	0	0
OTU_320	4	0	0	0	0	0	0	0	0	0
OTU_213	2	11	0	0	0	0	0	2	0	203
OTU_349	1	0	0	0	0	0	0	162	0	1
OTU_48	1	1	1814	0	1	34	4	0	1	3
OTU_125	1	272	1	46	42	0	48	0	2	167
OTU_170	1	0	0	17	1	0	120	28	54	0
OTU_204	3	0	1	0	0	0	0	0	0	1
OTU_440	1	0	1	0	0	0	18	1	0	0
OTU_60	1	0	0	0	1331	0	40	5	0	3
OTU_329	1	34	0	0	0	0	0	0	0	0
OTU_133	1	1	45	0	0	37	80	0	0	0
OTU_16	1	0	98	0	0	0	1	0	0	0
OTU_179	0	293	0	0	0	0	1	0	2	2
OTU_390	0	85	0	0	0	0	0	0	0	0
OTU_142	0	146	0	0	0	0	22	0	7	69
OTU_192	0	3	0	0	0	0	0	0	0	127
OTU_392	0	86	0	0	0	0	0	22	0	0
OTU_159	0	127	0	0	0	0	0	4	0	0
OTU_354	0	91	1	4	0	0	0	0	0	0
OTU_224	0	203	0	1	0	0	0	0	0	0
OTU_157	0	141	0	0	0	0	0	0	0	0
OTU_314	0	119	1	0	21	0	0	1	0	0
OTU_325	0	139	0	0	0	0	0	0	0	30
OTU_435	0	53	0	0	0	0	0	0	0	0
OTU_215	0	82	0	1	0	0	0	0	7	0
OTU_473	0	85	0	0	0	0	0	0	0	0
OTU_391	0	25	0	0	0	0	0	0	0	0
OTU_240	0	102	0	1	0	0	0	0	0	0
OTU_126	0	41	0	179	0	0	7	0	8	3
OTU_225	0	39	0	0	0	0	0	0	0	0
OTU_260	0	49	0	0	0	0	0	0	0	0
OTU_107	0	63	0	0	2	0	0	103	0	1
OTU_166	0	187	0	5	4	0	0	0	0	1
OTU_249	0	17	0	3	0	0	0	0	1	0
OTU_324	0	2	0	0	0	2	177	0	0	0
OTU_496	0	69	0	0	0	0	0	0	0	1
OTU_123	0	11	1	62	1	2	0	722	0	0
OTU_113	0	2	1	1	2	0	0	0	0	699
OTU_380	0	21	0	0	0	2	0	0	0	109
OTU_236	0	10	0	0	0	0	0	0	0	44
OTU_106	0	11	0	74	9	0	0	28	0	0
OTU_430	0	3	0	0	0	0	0	0	0	0
OTU_140	0	1	1	1	0	0	149	0	0	3
OTU_427	0	1	1	1	0	1	0	0	0	0
OTU_88	0	3	0	0	0	0	0	2	463	0
OTU_359	0	21	0	38	0	1	0	759	0	2
OTU_401	0	4	0	0	50	0	0	0	0	1
OTU_505	0	12	0	4	42	0	0	14	0	0
OTU_307	0	4	0	0	201	0	0	17	0	0
OTU_61	0	2	10	1	172	1571	1	0	0	2
OTU_212	0	2	0	0	0	0	0	0	0	521
OTU_373	0	1	0	0	7	0	66	2	0	0
OTU_353	0	3	0	0	1	0	1	160	0	4
OTU_485	0	3	0	0	0	0	0	0	0	23
OTU_438	0	2	71	2	0	0	0	32	0	0
OTU_398	0	3	0	0	0	0	0	0	72	0
OTU_414	0	2	1	0	81	0	1	72	10	3
OTU_346	0	1	0	0	0	0	1	0	0	0
OTU_210	0	1	0	0	0	0	0	0	64	0
OTU_343	0	1	41	7	31	11	49	0	2	0
OTU_115	0	1	0	3	6	0	0	1	1	405
OTU_164	0	0	229	0	0	14	1	0	0	0
OTU_122	0	0	186	0	0	0	1	0	0	0
OTU_62	0	0	201	1	0	1344	0	1	0	2
OTU_358	0	0	313	0	0	9	0	0	0	1
OTU_92	0	0	694	0	0	41	1	0	0	0
OTU_173	0	0	185	0	0	0	0	0	0	0
OTU_149	0	0	354	0	0	0	0	0	0	0
OTU_416	0	0	69	0	0	115	0	0	0	0
OTU_46	0	0	537	0	0	884	1	0	0	1
OTU_150	0	0	646	0	0	32	0	0	0	0
OTU_83	0	0	431	0	0	0	1	0	0	0
OTU_177	0	0	85	0	0	37	210	0	0	1
OTU_54	0	0	1516	0	4	986	1	0	1	4
OTU_253	0	0	106	0	0	0	0	0	0	0
OTU_99	0	0	329	0	0	437	3	0	2	1
OTU_146	0	0	263	0	0	167	3	0	0	1
OTU_143	0	0	244	0	0	37	0	0	0	1
OTU_85	0	0	202	0	0	432	0	0	0	1
OTU_148	0	0	314	0	0	15	1	0	0	0
OTU_315	0	0	100	0	3	4	0	0	0	0
OTU_6	0	0	278	0	0	62	1	1	0	0
OTU_480	0	0	45	0	0	0	0	0	0	0
OTU_223	0	0	119	0	0	107	0	0	0	1
OTU_397	0	0	37	0	0	65	0	0	0	0
OTU_131	0	0	314	0	0	181	1	0	0	1
OTU_8	0	0	342	0	0	74	1	0	0	0
OTU_386	0	0	58	0	0	35	0	0	0	0
OTU_411	0	0	113	0	0	0	0	0	0	0
OTU_266	0	0	62	0	0	47	1	0	0	1
OTU_153	0	0	263	0	0	157	1	0	0	0
OTU_399	0	0	23	0	0	28	0	0	0	0
OTU_356	0	0	51	0	0	27	0	0	0	0
OTU_268	0	0	67	0	0	15	1	0	0	0
OTU_93	0	0	76	0	0	18	0	0	0	0
OTU_9	0	0	287	0	0	0	1	0	0	1
OTU_331	0	0	84	0	0	70	0	0	0	0
OTU_389	0	0	59	0	0	0	0	0	0	0
OTU_396	0	0	126	0	1	292	1	0	0	1
OTU_306	0	0	61	0	1	192	0	0	1	0
OTU_165	0	0	226	0	0	129	0	0	0	0
OTU_337	0	0	153	0	0	0	0	0	0	0
OTU_312	0	0	40	0	0	232	0	1	0	1
OTU_450	0	0	41	0	0	31	0	0	0	0
OTU_237	0	0	48	0	0	38	0	0	0	0
OTU_167	0	0	48	0	0	1	0	0	0	1
OTU_267	0	0	91	0	0	25	0	0	0	0
OTU_454	0	0	30	0	0	14	0	0	0	0
OTU_25	0	0	8	0	0	44	0	0	0	0
OTU_241	0	0	52	0	0	57	0	0	0	0
OTU_18	0	0	44	0	0	1	52	0	0	0
OTU_280	0	0	32	0	0	235	0	0	0	0
OTU_127	0	0	5	0	0	812	0	0	1	0
OTU_317	0	0	26	0	0	38	0	0	0	0
OTU_270	0	0	142	0	0	70	0	0	0	0
OTU_319	0	0	2	0	0	2	0	0	0	0
OTU_111	0	0	1	0	0	1	0	0	0	491
OTU_290	0	0	7	0	64	0	0	3	0	0
OTU_82	0	0	5	0	0	0	0	0	0	0
OTU_50	0	0	1	0	0	0	0	1	1814	2
OTU_428	0	0	2	0	0	163	0	0	0	0
OTU_413	0	0	21	0	0	5	0	0	0	0
OTU_5	0	0	1	0	0	284	0	0	0	1
OTU_43	0	0	19	0	0	0	0	0	0	0
OTU_254	0	0	5	0	0	0	0	0	0	0
OTU_321	0	0	9	0	0	88	0	0	0	0
OTU_110	0	0	2	0	0	0	250	0	0	0
OTU_217	0	0	2	0	0	61	41	0	0	0
OTU_515	0	0	1	0	0	0	2	0	74	0
OTU_199	0	0	2	24	9	32	79	7	114	0
OTU_59	0	0	8	0	0	0	0	0	0	0
OTU_67	0	0	8	0	0	0	0	0	0	0
OTU_196	0	0	1	0	42	0	58	31	0	2
OTU_136	0	0	7	10	181	3	10	82	0	0
OTU_47	0	0	2	0	1690	1	0	211	0	5
OTU_176	0	0	1	42	1	0	0	271	5	0
OTU_79	0	0	6	0	0	0	0	0	0	0
OTU_484	0	0	1	0	0	1	0	1	0	0
OTU_71	0	0	1	1	1	1	1	4	1	0
OTU_42	0	0	1	1	0	18	2270	0	0	5
OTU_322	0	0	1	3	0	0	135	0	0	0
OTU_80	0	0	2	0	0	468	0	0	0	1
OTU_323	0	0	1	0	0	0	0	0	0	172
OTU_181	0	0	1	0	0	214	0	0	0	1
OTU_98	0	0	1	0	0	0	246	0	0	1
OTU_406	0	0	0	72	0	0	0	0	0	0
OTU_194	0	0	0	436	0	1	0	0	0	0
OTU_86	0	0	0	470	0	0	0	0	0	1
OTU_281	0	0	0	80	0	0	6	0	1	0
OTU_243	0	0	0	282	0	0	0	28	2	1
OTU_495	0	0	0	84	0	0	0	1	0	0
OTU_205	0	0	0	150	0	0	2	0	0	0
OTU_117	0	0	0	86	14	0	376	8	0	1
OTU_410	0	0	0	71	0	0	0	0	0	0
OTU_135	0	0	0	282	0	0	0	0	6	1
OTU_408	0	0	0	155	0	0	1	0	1	0
OTU_490	0	0	0	120	7	0	0	13	0	0
OTU_287	0	0	0	27	0	0	6	0	0	0
OTU_197	0	0	0	193	0	0	0	0	1	1
OTU_255	0	0	0	29	0	0	0	0	0	0
OTU_244	0	0	0	114	0	0	0	0	0	0
OTU_184	0	0	0	169	0	0	1	0	0	0
OTU_417	0	0	0	44	0	0	0	0	0	0
OTU_228	0	0	0	133	0	1	0	0	0	0
OTU_469	0	0	0	80	33	0	0	15	0	1
OTU_494	0	0	0	93	0	0	0	0	0	0
OTU_207	0	0	0	38	2	0	0	4	0	0
OTU_370	0	0	0	4	0	0	19	0	0	0
OTU_488	0	0	0	28	0	0	0	0	0	0
OTU_481	0	0	0	1	8	0	0	26	0	0
OTU_431	0	0	0	25	0	0	96	0	0	0
OTU_492	0	0	0	6	0	0	149	0	0	0
OTU_152	0	0	0	2	0	297	0	1	0	0
OTU_404	0	0	0	1	0	0	0	0	0	194
OTU_385	0	0	0	2	0	0	0	7	1	0
OTU_381	0	0	0	1	27	0	122	0	0	0
OTU_310	0	0	0	1	0	0	0	0	0	75
OTU_87	0	0	0	1	164	0	0	1	0	0
OTU_190	0	0	0	1	0	0	0	0	0	160
OTU_189	0	0	0	0	332	0	0	65	0	0
OTU_299	0	0	0	0	188	0	0	0	0	0
OTU_103	0	0	0	0	280	0	1	56	0	0
OTU_273	0	0	0	0	57	0	0	0	0	0
OTU_339	0	0	0	0	136	0	0	0	0	1
OTU_245	0	0	0	0	1	0	0	86	1	0
OTU_208	0	0	0	0	207	0	0	4	0	0
OTU_112	0	0	0	0	530	1	0	0	1	1
OTU_462	0	0	0	0	35	0	0	0	0	0
OTU_433	0	0	0	0	67	0	0	0	0	0
OTU_292	0	0	0	0	114	0	0	0	0	0
OTU_283	0	0	0	0	36	0	0	49	0	1
OTU_475	0	0	0	0	47	0	0	0	0	0
OTU_345	0	0	0	0	11	0	0	0	0	0
OTU_364	0	0	0	0	79	0	0	42	1	1
OTU_289	0	0	0	0	107	0	0	0	0	0
OTU_303	0	0	0	0	41	0	0	0	0	0
OTU_506	0	0	0	0	66	0	0	0	0	2
OTU_460	0	0	0	0	16	0	0	8	0	56
OTU_508	0	0	0	0	4	0	0	0	0	0
OTU_512	0	0	0	0	5	0	0	72	0	0
OTU_472	0	0	0	0	14	1	0	60	1	0
OTU_432	0	0	0	0	1	2	0	0	1	0
OTU_242	0	0	0	0	3	0	4	1	31	0
OTU_434	0	0	0	0	1	0	0	0	0	0
OTU_100	0	0	0	0	0	779	0	0	0	1
OTU_216	0	0	0	0	0	206	0	0	1	0
OTU_156	0	0	0	0	0	156	0	0	0	1
OTU_234	0	0	0	0	0	305	0	1	0	0
OTU_214	0	0	0	0	0	259	0	0	0	2
OTU_394	0	0	0	0	0	120	0	0	0	0
OTU_147	0	0	0	0	0	347	0	0	0	0
OTU_182	0	0	0	0	0	186	0	0	0	0
OTU_366	0	0	0	0	0	23	4	0	0	0
OTU_13	0	0	0	0	0	120	1	0	0	1
OTU_221	0	0	0	0	0	155	0	0	0	0
OTU_467	0	0	0	0	0	75	0	0	0	0
OTU_503	0	0	0	0	0	140	0	0	0	0
OTU_491	0	0	0	0	0	3	31	0	0	0
OTU_502	0	0	0	0	0	105	0	0	0	0
OTU_41	0	0	0	0	0	18	0	0	0	0
OTU_514	0	0	0	0	0	34	0	0	0	0
OTU_318	0	0	0	0	0	20	0	0	0	0
OTU_180	0	0	0	0	0	6	0	0	0	0
OTU_151	0	0	0	0	0	1	105	0	0	0
OTU_120	0	0	0	0	0	1	0	0	0	396
OTU_371	0	0	0	0	0	0	106	0	0	0
OTU_121	0	0	0	0	0	0	480	0	0	0
OTU_455	0	0	0	0	0	0	72	0	0	0
OTU_252	0	0	0	0	0	0	225	0	0	6
OTU_378	0	0	0	0	0	0	293	0	0	2
OTU_383	0	0	0	0	0	0	59	0	0	0
OTU_134	0	0	0	0	0	0	302	0	0	0
OTU_160	0	0	0	0	0	0	294	0	1	2
OTU_395	0	0	0	0	0	0	114	0	4	0
OTU_446	0	0	0	0	0	0	142	0	0	0
OTU_374	0	0	0	0	0	0	245	0	0	0
OTU_457	0	0	0	0	0	0	97	0	0	1
OTU_27	0	0	0	0	0	0	119	0	0	0
OTU_53	0	0	0	0	0	0	27	0	0	0
OTU_382	0	0	0	0	0	0	97	0	0	1
OTU_271	0	0	0	0	0	0	187	0	0	0
OTU_369	0	0	0	0	0	0	109	0	3	0
OTU_445	0	0	0	0	0	0	78	0	0	0
OTU_425	0	0	0	0	0	0	145	0	0	0
OTU_443	0	0	0	0	0	0	35	0	0	1
OTU_377	0	0	0	0	0	0	60	0	0	1
OTU_367	0	0	0	0	0	0	40	0	0	0
OTU_504	0	0	0	0	0	0	77	0	0	0
OTU_247	0	0	0	0	0	0	72	0	0	0
OTU_456	0	0	0	0	0	0	19	0	0	0
OTU_31	0	0	0	0	0	0	35	0	0	0
OTU_163	0	0	0	0	0	0	29	0	0	0
OTU_437	0	0	0	0	0	0	57	0	0	0
OTU_376	0	0	0	0	0	0	27	0	0	0
OTU_35	0	0	0	0	0	0	18	0	0	0
OTU_39	0	0	0	0	0	0	23	0	0	0
OTU_498	0	0	0	0	0	0	5	0	0	1
OTU_483	0	0	0	0	0	0	2	0	6	0
OTU_109	0	0	0	0	0	0	5	0	0	0
OTU_222	0	0	0	0	0	0	2	0	128	0
OTU_379	0	0	0	0	0	0	1	0	0	0
OTU_479	0	0	0	0	0	0	4	0	0	0
OTU_168	0	0	0	0	0	0	5	0	0	0
OTU_105	0	0	0	0	0	0	1	0	0	877
OTU_154	0	0	0	0	0	0	0	305	0	0
OTU_447	0	0	0	0	0	0	0	34	0	0
OTU_471	0	0	0	0	0	0	0	51	0	21
OTU_459	0	0	0	0	0	0	0	95	0	0
OTU_239	0	0	0	0	0	0	0	36	12	0
OTU_478	0	0	0	0	0	0	0	71	0	0
OTU_465	0	0	0	0	0	0	0	84	0	0
OTU_387	0	0	0	0	0	0	0	24	0	0
OTU_449	0	0	0	0	0	0	0	66	0	0
OTU_464	0	0	0	0	0	0	0	7	0	0
OTU_470	0	0	0	0	0	0	0	5	0	0
OTU_476	0	0	0	0	0	0	0	22	0	0
OTU_263	0	0	0	0	0	0	0	1	0	6
OTU_233	0	0	0	0	0	0	0	1	0	66
OTU_419	0	0	0	0	0	0	0	1	104	0
OTU_129	0	0	0	0	0	0	0	0	112	0
OTU_326	0	0	0	0	0	0	0	0	178	1
OTU_363	0	0	0	0	0	0	0	0	131	0
OTU_458	0	0	0	0	0	0	0	0	64	0
OTU_262	0	0	0	0	0	0	0	0	71	0
OTU_509	0	0	0	0	0	0	0	0	60	0
OTU_65	0	0	0	0	0	0	0	0	1	672
OTU_144	0	0	0	0	0	0	0	0	0	289
OTU_203	0	0	0	0	0	0	0	0	0	191
OTU_68	0	0	0	0	0	0	0	0	0	625
OTU_58	0	0	0	0	0	0	0	0	0	1531
OTU_102	0	0	0	0	0	0	0	0	0	279
OTU_183	0	0	0	0	0	0	0	0	0	209
OTU_64	0	0	0	0	0	0	0	0	0	636
OTU_342	0	0	0	0	0	0	0	0	0	108
OTU_211	0	0	0	0	0	0	0	0	0	140
OTU_259	0	0	0	0	0	0	0	0	0	47
OTU_145	0	0	0	0	0	0	0	0	0	263
OTU_340	0	0	0	0	0	0	0	0	0	117
OTU_116	0	0	0	0	0	0	0	0	0	501
OTU_124	0	0	0	0	0	0	0	0	0	323
OTU_232	0	0	0	0	0	0	0	0	0	244
OTU_246	0	0	0	0	0	0	0	0	0	124
OTU_451	0	0	0	0	0	0	0	0	0	72
OTU_118	0	0	0	0	0	0	0	0	0	246
OTU_336	0	0	0	0	0	0	0	0	0	174
OTU_409	0	0	0	0	0	0	0	0	0	130
OTU_334	0	0	0	0	0	0	0	0	0	117
OTU_219	0	0	0	0	0	0	0	0	0	73
OTU_453	0	0	0	0	0	0	0	0	0	54
OTU_206	0	0	0	0	0	0	0	0	0	98
OTU_341	0	0	0	0	0	0	0	0	0	88
OTU_368	0	0	0	0	0	0	0	0	0	77
OTU_227	0	0	0	0	0	0	0	0	0	156
OTU_330	0	0	0	0	0	0	0	0	0	113
OTU_407	0	0	0	0	0	0	0	0	0	69
OTU_493	0	0	0	0	0	0	0	0	0	26
OTU_258	0	0	0	0	0	0	0	0	0	92
OTU_372	0	0	0	0	0	0	0	0	0	24
OTU_499	0	0	0	0	0	0	0	0	0	34
OTU_402	0	0	0	0	0	0	0	0	0	51
OTU_261	0	0	0	0	0	0	0	0	0	30
OTU_202	0	0	0	0	0	0	0	0	0	3
OTU_248	0	0	0	0	0	0	0	0	0	5
OTU_412	0	0	0	0	0	0	0	0	0	14
